4
9
18
18
9
-0.13364509223633336
0.0637994939954365
-0.23745452274980017
-0.45306861549359956
0.8801198177054621
-0.04988154506858622
0.4609406915797858
0.6364904134151712
-0.04428876070927634
-0.09311749335540187
0.7019609891793923
0.023514778690167493
-1.0612206271742863e-05
0.06729534982115615
0.7587601341388042
0.1048457459841976
0.10324035286950606
0.6815626225826941
-0.16594233944627723
-0.25413615277685886
0.25753037194491424
-0.13148456761267746
0.037067631905964404
-0.4350271002308025
-0.2873561806730719
-0.5453865688943876
0.009148643627958641
-0.6321008813818411
0.5969240328174372
0.5590245788694934
-0.14367723566835244
0.022420823325673744
-0.32118749885611275
-0.8466437897607996
-0.888903915950627
-0.17914615069819162
-0.2439011891430688
0.13856447368772207
-0.501025903421589
-0.030917672684411368
0.3532350586758315
0.5412985587598897
0.4355246062124052
0.18216074186176856
0.44272513639292876
0.46782168823118986
0.2455958991234497
-0.21183654577086908
-0.5606852996037125
-0.2882959816861017
0.28526234141126405
-0.6928621527648654
0.911111610781365
-0.3853554972970804
-0.2666405768118756
-0.17056902857651224
0.21597072947190177
0.4323838096570016
0.24732883129555794
0.3242050816155373
0.6491732576421514
-0.12429217250358382
-0.26630087401741365
-0.05953465742774244
0.6315363214481373
0.05262433248098919
-0.7629865513946666
0.33872511172244324
0.2740553901485534
-0.07325724998513106
-0.3322573173372342
0.14153606734623336
0.02115047365058098
-0.2459322318592051
-0.11700462716493532
-0.0674579348448675
-0.17386801660007167
0.7334683946243143
-0.1808800096823363
0.6659833622820313
-0.19092534240313097
0.6939037765695131
-0.27891417940411334
-0.47091388646099686
0.2537908519010448
-0.2298429623072814
-0.06006415554128597
-0.25733689968905793
-0.5012461412131525
-0.056537368696748413
0.15412896529026554
0.23653712302484475
-0.7607568569822041
0.4290076836214438
-0.3492633132143448
-0.6255875291302425
-0.7443829890324437
-0.7940189609058242
-0.5917522048253451
-0.8665313478383168
0.07264019981558412
-0.4200443107569606
-0.32901280864346627
-0.3181455511394027
0.06696330970035946
0.4475980743624286
0.2622306241285377
-0.43306518987880427
-0.14276553087630905
-0.31695429077014803
-0.0067185100085803695
-0.19618797695537848
-0.6327022603041839
0.2017960563591692
0.13170566440020126
-0.6811368706484052
0.08146972484917092
0.6151246187763948
-0.12930788955174088
-0.3982461849969937
-0.4273383485533506
0.030350438019776327
0.7342418179158483
0.12747556554108597
-0.08524462796606214
-0.7441906309657946
-0.27846032614978544
0.02831514263296686
0.0196725484253506
-0.2945233878008098
0.13546078693872454
0.3160135085701914
-0.8139812488967325
0.15189029435450419
-0.5388770510126316
0.4098631677947586
-0.0500556775375387
0.5416530580036354
0.25779859626898594
-0.2697545792902113
0.04945709315415603
0.05307030125492784
0.4862603518526414
0.5994370786567029
-0.2524905108997907
0.5220741961845032
-0.07536952460177437
0.012848602975660262
0.1996474361674032
-0.23995674966780745
-0.24105026546019015
-0.38389126015802555
0.5416127348418893
-0.4798402824758211
-0.12029413523794363
0.06161551820053246
0.7353762417373237
-0.1441336931925038
-0.2930429626021491
-0.14162849351058415
-0.4345727748777599
0.1830176921848352
-0.31133529626220735
-0.06278682534293045
0.43583672566729215
-0.5268430908494546
0.5374713673096394
0.34947109232829376
-0.12512804331542338
0.6949547400937595
0.31765451892107244
-0.890965157988282
0.46312670090467334
0.6040825966522463
-0.131118485048203
0.11309289637400788
0.34104289540325383
0.48568932932212805
-0.4757776512215509
-0.6267567181175943
-0.04090731213780763
-0.4236328661561035
-0.39163766639157815
0.18573571979838155
-0.1595927500072697
-0.4065011794318255
0.11430095987263345
0.6517380562111437
-0.21951111324133765
-0.43594320765311667
0.9735488543658359
0.027257634151358845
0.73042134961119
0.15728191550331738
-0.584804230328105
-0.004488107089915427
-0.09995062349013495
0.6583837926071707
-0.26148417267842206
0.13237303938718603
-0.2326757635780896
-0.16885382998036225
-0.46017772577359106
-0.1215011530526321
0.27587361734161586
-0.4151131589347703
0.8355949436755721
0.9848394553540625
-0.34260412179201505
-0.3473545354490075
0.6745158984352093
-0.26897068792356194
-0.08492771945196509
-0.08547041821314838
-0.34457276586123453
0.3484861030419055
0.8425705881984988
-0.3499682213971035
0.3460671190257476
0.5120771300092606
0.08067660127046206
-0.8997495480400282
-0.5261988898699735
-0.34862040548122974
-0.456481332860607
-0.1843132255033988
0.6187840787794765
-0.7651954038332486
-0.0572524420759698
-0.08892569911754378
-0.3842229520552206
0.9878434315902545
0.050807075379301514
0.5235522881524692
-0.4307073213525414
-0.21476786204628884
0.03032865007383556
-0.20885835691015575
0.6221441252502926
-0.28011693829352424
0.16527088858398087
0.2012853938331638
-0.37143954410882074
-0.6223397702034599
-0.02139692840514451
-0.6100929045392978
-0.15575107095912044
-0.7331762805517268
-0.2146377311975406
0.12173351761225293
0.24881050677723637
0.09194132166304314
-0.6465949142869714
-0.31091599553459714
0.1996151649328497
0.06949309932785708
0.027906869116351984
0.354729596137741
0.23051841913488236
-0.42755148648573604
0.19721785050335328
-0.45927921941490246
0.2894278792198801
0.05247450583126678
-0.049723717016261326
0.4000379738014912
-0.4219951316879347
-0.21083183158453667
-0.7189244212918611
-0.2800782919336857
0.11460801095343198
-0.0734560691089623
0.025262097673926842
0.31286874917517316
0.6565454325695559
-0.17608036060112298
0.7446635027450998
0.27428821597953856
0.903984345514314
-0.338405182677057
-0.21939403088739695
0.43143798435440184
-0.27868788773926345
0.41485707582679066
-0.23331216176871794
0.7847128158542378
0.005583944426959864
0.04738429963684698
0.41633802261996466
-0.2176013896561535
0.46838945151028444
-0.24988482117505662
-0.8981970741277315
0.1759467520094291
0.49607536139499153
-0.02030277737343833
-0.353701678106062
-0.2633870198926548
0.4281057699027331
0.04982810683238981
0.02580356403826345
-0.2623839252319049
0.018381276452313244
0.4096815827454712
-0.2808617029175091
0.24553990853278562
0.06268870905710222
0.6279058237059607
0.2660588517167082
0.045046046458058875
-0.5744600127380872
0.025788864477349405
0.029446328129512533
0.09758518108299197
-0.4273324447695328
0.18786124339555244
0.00976890321966195
-0.26446606690404595
0.3364309528288736
0.3821890928881435
-0.09236448288631482
-0.6225350548043876
-0.4687960127832672
0.14226343290806565
-0.04032229923634689
0.31542159613995224
0.1530524107036344
0.3220801839205958
-0.49767311059725905
-0.8199837016059195
-0.44273133502627526
0.32123548082669284
0.1460190322660806
0.520450967761787
-0.3479762104168781
0.6184355422841943
-0.08200838938201971
-0.3035233981721843
-0.30494509588209273
-0.09335106118717595
-0.34763944510928346
0.19067182565775642
0.2565042385350844
-0.04374245377683239
0.05729968394285123
0.35803780059738255
0.47527393607890867
-0.3171259164070799
-0.29880694179887846
0.5833500343530189
0.4595601745013762
-0.2936370694740218
-0.6415677242517474
-0.8255498793281558
-0.1235201522803473
0.40695047357130676
0.2568167099952434
0.2779326546718992
-0.8255684738286548
0.007271435596137854
0.016582908467772217
-0.3826802591277173
0.567289576980357
-0.8411682957819071
-0.03333355170990471
0.09211725603760046
0.09505952010860774
-0.4263695101949744
0.2679089877023666
0.054746103546915004
-0.16140831011989376
0.2775016152491463
-0.2881803791859313
0.3451547345036219
-0.3713402926205691
0.010448973220155366
0.3012144255751701
-0.10649667562050469
-0.19423879179966064
-0.5666787631529607
-0.507718830086784
-0.10303596730606313
-0.42744384660300294
0.2478418219816576
0.2643524417914205
-0.2509899986659677
0.6323392175789857
-0.18166936916763554
-0.5292207464597979
0.13657735664146253
0.0468973156670498
0.10290590225848462
0.15254103103783523
0.28226322057773645
0.17942645004761015
0.11272008155787239
-0.796982782091334
-0.4664189004412814
0.8184881094180434
0.34368636489860216
0.14875823999897353
0.06028441598611867
0.3546996046984221
0.15596827716675832
-0.27321069009377474
-0.1118488550396779
0.2652927782403034
-0.7997338955801596
-0.09248195568842843
0.23131593561291153
-0.40097973877111426
0.15148026881338295
0.7063424404394651
-0.6002830262132958
-0.2898076650177336
-0.34131188295990433
-0.7366878464010649
-0.14403498323908692
0.25323587389935187
0.380050748494817
-0.5577774940462518
0.543541839827264
0.6993495018295883
-0.020376268241147688
-0.14258851517644655
-0.2956773132763598
-0.9262527560968684
-0.22702923657206464
0.19392181132234354
0.031230978047507296
0.09358929189772724
0.11241394027890017
-0.1255427876190609
-0.06925647845629546
-0.1815435269497918
-0.4585713957548766
0.5587555246951244
-0.7125379269456911
0.18520587527244614
0.20289016296781837
-0.3100827135166303
-0.5427989307056632
0.5181580540462458
0.2622380733502334
-0.3572184065048505
0.6053574630139222
0.006695882176953161
0.19480293855504405
0.3434483645804989
0.39465582875264493
0.01196835457943446
-0.0021055265580236515
-0.22735063122698884
-0.3308128502523401
0.3254822174778045
-0.3191498434073279
0.5535546556236515
0.16504342172373487
-0.11123265101575708
-0.10717466204001724
0.011364826164492747
0.03250611693474337
0.5511243327280893
0.5074415263188976
0.046980824373064944
0.4907744101748097
-0.6935571838292001
0.33294564334762944
0.012503685105491602
0.002302512502891041
-0.21320128273627292
-0.5277914740724565
0.2545416550903621
0.00308393942039209
0.6072400307834624
-0.482913804065201
-0.6757258510592207
0.0660572927344163
-0.7093435286995455
0.25729463126395147
-0.521584978351876
0.508673396512028
-0.1983391249238068
-0.059994352541328566
0.022880935690028803
0.591124236273807
0.7940728434587228
0.22950780144783733
-0.30088784349184183
-0.15441265369710444
0.7427921928479995
-0.11089661892186164
-0.4730609709207563
-0.7362356799108181
0.05648201433740674
-0.150545815244838
-0.07839750121819078
0.0790514714363224
0.4641233788762673
0.3717967886731324
-0.5815068325705114
0.4271613580069944
0.05617503656157741
-0.7999760075773262
0.02162120204755147
0.6218431675686171
-0.2382477604010932
0.48559903736130927
0.1477914099261941
-0.31260715134327577
-0.7064871346507571
-0.797919280801085
-0.29529436997833713
-0.6905481784382784
-0.6407261672437496
0.21437678902304103
0.5894045877594656
-0.08924990610906469
0.6241300955478899
0.5912603986447424
0.08275314376841436
-0.007885015624369052
-0.712488614308893
-0.07706087319730659
0.3880722571194468
-0.3619629523249357
-0.0029633937898588814
0.3534951319029207
-0.26841213641607164
-0.34517330856933415
-0.5116212833476106
-0.19081791885591648
-0.19468784596576016
-0.3191216501160148
0.24890370238095771
-0.1247733749050507
0.35031332162060536
-0.06819865662034075
0.08827082792369945
-0.4216069315409531
0.2507545504681916
0.48058884516873746
0.09140449414216545
0.5372808071532766
0.5741572303135773
-0.45724697976819717
-0.05168476365627295
0.47328374190372235
-0.43130436676365236
-0.46652341393325725
0.45555771086255614
0.42487753655349714
-0.13092369973371853
0.26260198855825223
0.07798246713134271
-0.2860005046663514
-0.42148122075358796
0.5998309349187352
0.10181963238937008
-0.17278407414122743
0.37491081183693886
-0.052869178047116994
-0.4073753734971882
0.3859930852531779
0.15087830846429284
0.3744200372572499
0.06534399193555718
0.5346849543557814
0.12643038578950438
-0.06754842870456512
0.527855582416727
0.014457872126651061
-0.0036542558399516034
-0.11083624461145569
0.4390498986043383
0.5572917104473114
-0.303742729319998
0.010033923360804664
-0.23356588099506015
0.16623562178083584
-0.6567556488631051
0.5290377128641597
0.017927695742647298
0.1905700046752501
0.6716610077276188
0.3005268130882224
0.20289757228763072
0.3396670055141533
0.06456276203843814
0.08173862248709796
-0.48851951815751193
-0.02168161166646798
-0.6869814340586281
-0.35556883520686877
-0.16551888639376078
-0.21013569632371665
0.06304931946714687
0.5938271822348056
0.3739847228475184
-0.7032607660235121
-0.09212622717089902
0.07545972337583651
-0.5539772052174035
0.3871979715331575
0.8107373123643065
0.0020996195378888416
0.5341766278938607
-0.25230024072529866
-0.23827945464556755
0.12867861295134508
0.16947534434209066
-0.1856995516693245
-0.2802709654721478
0.23490720680736743
0.314703861825244
-0.27061059775176666
0.32776688847980884
0.10134838404352697
-0.4887634553210972
-0.07780621738885951
0.1703465033931959
-0.030768106929308425
0.05964560504962968
0.12518219532106922
0.758172182689417
0.35687046185297344
-0.1910811868774207
-0.21326331897202622
-0.4979143977266245
0.16142626801087134
-0.3898758042804563
0.13816924220666404
-0.12468521531311916
-0.47563682469915125
0.5843730245402738
0.2695189187655642
0.14115870253065754
0.1344062772782113
0.39594466716609067
-0.008116211777105309
-0.45534214034478515
0.6440548238501003
-0.423385909663317
0.7907575818431323
-0.21532222190926442
-0.09775811556410707
0.015028504010640376
-0.30749009551316264
-0.1512177453867567
0.2614188845828571
0.27007191818285525
-0.10507939441058478
0.656083035679258
0.5206629420671134
-0.1687762785872623
-0.2904042292340846
0.6415384292301978
-0.2253196136687633
0.044742100606866675
-0.39947334582794924
0.3073516390288633
-0.6926742371148107
0.20828777190298098
0.3208163682052787
0.10428691179856386
0.05239535745822099
0.5217396212777341
0.06800301270960762
-0.24688158486392975
0.4694397316887797
0.6223515651393927
0.31837041653552633
0.4173912426580477
0.49807847595140364
0.4192083846421575
-0.26652277845834005
0.6188331010312922
-0.05567829417969827
-0.09395168636209672
0.0890088474800188
0.3090650609287313
-0.5676496659416725
-0.02821906026425569
0.6948400845776339
0.17325682021741518
0.49852813314241473
0.5635691785106491
-0.2868427416846733
-0.2731429191539838
-0.008167659827106877
0.012218928457968126
-0.23556310007615133
-0.6635497411468817
