4
9
18
18
9
-0.16448132046380268
-0.16448132046380268
-0.16448132046380268
0.16448132046380268
-0.16448132046380268
0.16448132046380268
-0.16448132046380268
0.16448132046380268
-0.16448132046380268
-0.16448132046380268
-0.16448132046380268
-0.16448132046380268
0.16448132046380268
-0.16448132046380268
-0.16448132046380268
-0.16448132046380268
-0.16448132046380268
-0.16448132046380268
0.44272977869013513
0.44272977869013513
0.44272977869013513
-0.44272977869013513
0.44272977869013513
-0.44272977869013513
0.44272977869013513
-0.44272977869013513
0.44272977869013513
0.44272977869013513
0.44272977869013513
0.44272977869013513
-0.44272977869013513
0.44272977869013513
0.44272977869013513
0.44272977869013513
0.44272977869013513
0.44272977869013513
-0.4910709378228459
-0.4910709378228459
-0.4910709378228459
0.4910709378228459
-0.4910709378228459
0.4910709378228459
-0.4910709378228459
0.4910709378228459
-0.4910709378228459
-0.4910709378228459
-0.4910709378228459
-0.4910709378228459
0.4910709378228459
-0.4910709378228459
-0.4910709378228459
-0.4910709378228459
-0.4910709378228459
-0.4910709378228459
0.43556044790759646
0.43556044790759646
0.43556044790759646
-0.43556044790759646
0.43556044790759646
-0.43556044790759646
0.43556044790759646
-0.43556044790759646
0.43556044790759646
0.43556044790759646
0.43556044790759646
0.43556044790759646
-0.43556044790759646
0.43556044790759646
0.43556044790759646
0.43556044790759646
0.43556044790759646
0.43556044790759646
-0.5055262647712193
-0.5055262647712193
-0.5055262647712193
0.5055262647712193
-0.5055262647712193
0.5055262647712193
-0.5055262647712193
0.5055262647712193
-0.5055262647712193
-0.5055262647712193
-0.5055262647712193
-0.5055262647712193
0.5055262647712193
-0.5055262647712193
-0.5055262647712193
-0.5055262647712193
-0.5055262647712193
-0.5055262647712193
0.4277555746361995
0.4277555746361995
0.4277555746361995
-0.4277555746361995
0.4277555746361995
-0.4277555746361995
0.4277555746361995
-0.4277555746361995
0.4277555746361995
0.4277555746361995
0.4277555746361995
0.4277555746361995
-0.4277555746361995
0.4277555746361995
0.4277555746361995
0.4277555746361995
0.4277555746361995
0.4277555746361995
-0.44322588678084873
-0.44322588678084873
-0.44322588678084873
0.44322588678084873
-0.44322588678084873
0.44322588678084873
-0.44322588678084873
0.44322588678084873
-0.44322588678084873
-0.44322588678084873
-0.44322588678084873
-0.44322588678084873
0.44322588678084873
-0.44322588678084873
-0.44322588678084873
-0.44322588678084873
-0.44322588678084873
-0.44322588678084873
-0.08974325351564619
-0.08974325351564619
-0.08974325351564619
0.08974325351564619
-0.08974325351564619
0.08974325351564619
-0.08974325351564619
0.08974325351564619
-0.08974325351564619
-0.08974325351564619
-0.08974325351564619
-0.08974325351564619
0.08974325351564619
-0.08974325351564619
-0.08974325351564619
-0.08974325351564619
-0.08974325351564619
-0.08974325351564619
0.4662687333372388
0.4662687333372388
0.4662687333372388
-0.4662687333372388
0.4662687333372388
-0.4662687333372388
0.4662687333372388
-0.4662687333372388
0.4662687333372388
0.4662687333372388
0.4662687333372388
0.4662687333372388
-0.4662687333372388
0.4662687333372388
0.4662687333372388
0.4662687333372388
0.4662687333372388
0.4662687333372388
-0.4904921786101066
-0.4904921786101066
-0.4904921786101066
0.4904921786101066
-0.4904921786101066
0.4904921786101066
-0.4904921786101066
0.4904921786101066
-0.4904921786101066
-0.4904921786101066
-0.4904921786101066
-0.4904921786101066
0.4904921786101066
-0.4904921786101066
-0.4904921786101066
-0.4904921786101066
-0.4904921786101066
-0.4904921786101066
0.49354443526031205
-0.49354443526031205
-0.49354443526031205
-0.49354443526031205
-0.49354443526031205
-0.49354443526031205
-0.49354443526031205
-0.49354443526031205
0.49354443526031205
-0.49354443526031205
-0.49354443526031205
0.49354443526031205
0.49354443526031205
0.49354443526031205
-0.49354443526031205
0.49354443526031205
-0.49354443526031205
0.49354443526031205
0.49354443526031205
-0.49354443526031205
-0.49354443526031205
-0.49354443526031205
-0.49354443526031205
-0.49354443526031205
-0.49354443526031205
-0.49354443526031205
0.49354443526031205
-0.49354443526031205
-0.49354443526031205
0.49354443526031205
0.49354443526031205
0.49354443526031205
-0.49354443526031205
0.49354443526031205
-0.49354443526031205
0.49354443526031205
0.49354443526031205
-0.49354443526031205
-0.49354443526031205
-0.49354443526031205
-0.49354443526031205
-0.49354443526031205
-0.49354443526031205
-0.49354443526031205
0.49354443526031205
-0.49354443526031205
-0.49354443526031205
0.49354443526031205
0.49354443526031205
0.49354443526031205
-0.49354443526031205
0.49354443526031205
-0.49354443526031205
0.49354443526031205
-0.49354443526031205
0.49354443526031205
0.49354443526031205
0.49354443526031205
0.49354443526031205
0.49354443526031205
0.49354443526031205
0.49354443526031205
-0.49354443526031205
0.49354443526031205
0.49354443526031205
-0.49354443526031205
-0.49354443526031205
-0.49354443526031205
0.49354443526031205
-0.49354443526031205
0.49354443526031205
-0.49354443526031205
0.49354443526031205
-0.49354443526031205
-0.49354443526031205
-0.49354443526031205
-0.49354443526031205
-0.49354443526031205
-0.49354443526031205
-0.49354443526031205
0.49354443526031205
-0.49354443526031205
-0.49354443526031205
0.49354443526031205
0.49354443526031205
0.49354443526031205
-0.49354443526031205
0.49354443526031205
-0.49354443526031205
0.49354443526031205
-0.49354443526031205
0.49354443526031205
0.49354443526031205
0.49354443526031205
0.49354443526031205
0.49354443526031205
0.49354443526031205
0.49354443526031205
-0.49354443526031205
0.49354443526031205
0.49354443526031205
-0.49354443526031205
-0.49354443526031205
-0.49354443526031205
0.49354443526031205
-0.49354443526031205
0.49354443526031205
-0.49354443526031205
0.49354443526031205
-0.49354443526031205
-0.49354443526031205
-0.49354443526031205
-0.49354443526031205
-0.49354443526031205
-0.49354443526031205
-0.49354443526031205
0.49354443526031205
-0.49354443526031205
-0.49354443526031205
0.49354443526031205
0.49354443526031205
0.49354443526031205
-0.49354443526031205
0.49354443526031205
-0.49354443526031205
0.49354443526031205
-0.49354443526031205
0.49354443526031205
0.49354443526031205
0.49354443526031205
0.49354443526031205
0.49354443526031205
0.49354443526031205
0.49354443526031205
-0.49354443526031205
0.49354443526031205
0.49354443526031205
-0.49354443526031205
-0.49354443526031205
-0.49354443526031205
0.49354443526031205
-0.49354443526031205
0.49354443526031205
-0.49354443526031205
0.49354443526031205
-0.49354443526031205
-0.49354443526031205
-0.49354443526031205
-0.49354443526031205
-0.49354443526031205
-0.49354443526031205
-0.49354443526031205
0.49354443526031205
-0.49354443526031205
-0.49354443526031205
0.49354443526031205
0.49354443526031205
0.49354443526031205
-0.49354443526031205
0.49354443526031205
-0.49354443526031205
0.49354443526031205
0.49354443526031205
-0.49354443526031205
-0.49354443526031205
-0.49354443526031205
-0.49354443526031205
-0.49354443526031205
-0.49354443526031205
-0.49354443526031205
0.49354443526031205
-0.49354443526031205
-0.49354443526031205
0.49354443526031205
0.49354443526031205
0.49354443526031205
-0.49354443526031205
0.49354443526031205
-0.49354443526031205
0.49354443526031205
0.49354443526031205
-0.49354443526031205
-0.49354443526031205
-0.49354443526031205
-0.49354443526031205
-0.49354443526031205
-0.49354443526031205
-0.49354443526031205
0.49354443526031205
-0.49354443526031205
-0.49354443526031205
0.49354443526031205
0.49354443526031205
0.49354443526031205
-0.49354443526031205
0.49354443526031205
-0.49354443526031205
0.49354443526031205
0.49354443526031205
-0.49354443526031205
-0.49354443526031205
-0.49354443526031205
-0.49354443526031205
-0.49354443526031205
-0.49354443526031205
-0.49354443526031205
0.49354443526031205
-0.49354443526031205
-0.49354443526031205
0.49354443526031205
0.49354443526031205
0.49354443526031205
-0.49354443526031205
0.49354443526031205
-0.49354443526031205
0.49354443526031205
-0.49354443526031205
0.49354443526031205
0.49354443526031205
0.49354443526031205
0.49354443526031205
0.49354443526031205
0.49354443526031205
0.49354443526031205
-0.49354443526031205
0.49354443526031205
0.49354443526031205
-0.49354443526031205
-0.49354443526031205
-0.49354443526031205
0.49354443526031205
-0.49354443526031205
0.49354443526031205
-0.49354443526031205
0.49354443526031205
-0.49354443526031205
-0.49354443526031205
-0.49354443526031205
-0.49354443526031205
-0.49354443526031205
-0.49354443526031205
-0.49354443526031205
0.49354443526031205
-0.49354443526031205
-0.49354443526031205
0.49354443526031205
0.49354443526031205
0.49354443526031205
-0.49354443526031205
0.49354443526031205
-0.49354443526031205
0.49354443526031205
0.49354443526031205
-0.49354443526031205
-0.49354443526031205
-0.49354443526031205
-0.49354443526031205
-0.49354443526031205
-0.49354443526031205
-0.49354443526031205
0.49354443526031205
-0.49354443526031205
-0.49354443526031205
0.49354443526031205
0.49354443526031205
0.49354443526031205
-0.49354443526031205
0.49354443526031205
-0.49354443526031205
0.49354443526031205
0.49354443526031205
-0.49354443526031205
-0.49354443526031205
-0.49354443526031205
-0.49354443526031205
-0.49354443526031205
-0.49354443526031205
-0.49354443526031205
0.49354443526031205
-0.49354443526031205
-0.49354443526031205
0.49354443526031205
0.49354443526031205
0.49354443526031205
-0.49354443526031205
0.49354443526031205
-0.49354443526031205
0.49354443526031205
0.49354443526031205
-0.49354443526031205
-0.49354443526031205
-0.49354443526031205
-0.49354443526031205
-0.49354443526031205
-0.49354443526031205
-0.49354443526031205
0.49354443526031205
-0.49354443526031205
-0.49354443526031205
0.49354443526031205
0.49354443526031205
0.49354443526031205
-0.49354443526031205
0.49354443526031205
-0.49354443526031205
0.49354443526031205
0.49354443526031205
-0.49354443526031205
-0.49354443526031205
-0.49354443526031205
-0.49354443526031205
-0.49354443526031205
-0.49354443526031205
-0.49354443526031205
0.49354443526031205
-0.49354443526031205
-0.49354443526031205
0.49354443526031205
0.49354443526031205
0.49354443526031205
-0.49354443526031205
0.49354443526031205
-0.49354443526031205
0.49354443526031205
-0.45531598595525324
0.45531598595525324
0.45531598595525324
0.45531598595525324
0.45531598595525324
0.45531598595525324
0.45531598595525324
0.45531598595525324
-0.45531598595525324
0.45531598595525324
0.45531598595525324
-0.45531598595525324
-0.45531598595525324
-0.45531598595525324
0.45531598595525324
-0.45531598595525324
0.45531598595525324
-0.45531598595525324
-0.3937673011136819
-0.4852441697588752
-0.513133289568719
-0.1827508000422023
-0.5184313972575686
-0.14406983154886382
-0.5044072126497868
-0.4790192583042774
-0.19570059101511256
0.3937673011136819
0.4852441697588752
0.513133289568719
0.1827508000422023
0.5184313972575686
0.14406983154886382
0.5044072126497868
0.4790192583042774
0.19570059101511256
0.3937673011136819
0.4852441697588752
0.513133289568719
0.1827508000422023
0.5184313972575686
0.14406983154886382
0.5044072126497868
0.4790192583042774
0.19570059101511256
0.3937673011136819
0.4852441697588752
0.513133289568719
0.1827508000422023
0.5184313972575686
0.14406983154886382
0.5044072126497868
0.4790192583042774
0.19570059101511256
0.3937673011136819
0.4852441697588752
0.513133289568719
0.1827508000422023
0.5184313972575686
0.14406983154886382
0.5044072126497868
0.4790192583042774
0.19570059101511256
0.3937673011136819
0.4852441697588752
0.513133289568719
0.1827508000422023
0.5184313972575686
0.14406983154886382
0.5044072126497868
0.4790192583042774
0.19570059101511256
0.3937673011136819
0.4852441697588752
0.513133289568719
0.1827508000422023
0.5184313972575686
0.14406983154886382
0.5044072126497868
0.4790192583042774
0.19570059101511256
0.3937673011136819
0.4852441697588752
0.513133289568719
0.1827508000422023
0.5184313972575686
0.14406983154886382
0.5044072126497868
0.4790192583042774
0.19570059101511256
-0.3937673011136819
-0.4852441697588752
-0.513133289568719
-0.1827508000422023
-0.5184313972575686
-0.14406983154886382
-0.5044072126497868
-0.4790192583042774
-0.19570059101511256
0.3937673011136819
0.4852441697588752
0.513133289568719
0.1827508000422023
0.5184313972575686
0.14406983154886382
0.5044072126497868
0.4790192583042774
0.19570059101511256
0.3937673011136819
0.4852441697588752
0.513133289568719
0.1827508000422023
0.5184313972575686
0.14406983154886382
0.5044072126497868
0.4790192583042774
0.19570059101511256
-0.3937673011136819
-0.4852441697588752
-0.513133289568719
-0.1827508000422023
-0.5184313972575686
-0.14406983154886382
-0.5044072126497868
-0.4790192583042774
-0.19570059101511256
-0.3937673011136819
-0.4852441697588752
-0.513133289568719
-0.1827508000422023
-0.5184313972575686
-0.14406983154886382
-0.5044072126497868
-0.4790192583042774
-0.19570059101511256
-0.3937673011136819
-0.4852441697588752
-0.513133289568719
-0.1827508000422023
-0.5184313972575686
-0.14406983154886382
-0.5044072126497868
-0.4790192583042774
-0.19570059101511256
0.3937673011136819
0.4852441697588752
0.513133289568719
0.1827508000422023
0.5184313972575686
0.14406983154886382
0.5044072126497868
0.4790192583042774
0.19570059101511256
-0.3937673011136819
-0.4852441697588752
-0.513133289568719
-0.1827508000422023
-0.5184313972575686
-0.14406983154886382
-0.5044072126497868
-0.4790192583042774
-0.19570059101511256
0.3937673011136819
0.4852441697588752
0.513133289568719
0.1827508000422023
0.5184313972575686
0.14406983154886382
0.5044072126497868
0.4790192583042774
0.19570059101511256
-0.3937673011136819
-0.4852441697588752
-0.513133289568719
-0.1827508000422023
-0.5184313972575686
-0.14406983154886382
-0.5044072126497868
-0.4790192583042774
-0.19570059101511256
0.42813321679085076
0.4045747708674094
0.5025615674078289
0.5465346824925778
0.5054630921981763
0.3409271998526925
0.49287818342618545
0.45636396541778473
0.4401530579400534
