4
9
18
18
9
-0.15120876053765542
-0.2888249554655993
-0.3953506628703507
-0.7113631311553612
-0.06866375460286545
-0.28167221493242234
-0.05307815537378002
-0.1686604848094625
0.2292034247239667
0.3580729411942585
0.2584182555311756
0.12997940022869647
-0.489639083660001
0.4576537464653938
0.1710271763241611
0.658550506139902
0.4760646389713692
0.2946521048242623
-0.04779758535192413
0.13469192033529165
0.40413970874596883
0.8142700700552821
0.3165650170142622
-0.06089684096473036
-0.43328516848869836
-0.004673054968135304
-0.09830594875504972
-0.6178577058349936
-0.6740184919678961
0.36648635919225203
0.8807514982417013
0.13156135589695106
-0.17929903143585124
-0.29046501973319605
-0.3648081326029934
0.09795451618466466
-0.5782796957384893
-0.3426478673960247
0.13835031675216158
0.16854413703667426
0.26392175052474776
-0.4377386854660422
0.3439509123598685
-0.5292942641395398
-0.03273540712226075
-0.22623533447751532
0.14276371233195917
0.021813945760473352
0.17062659784856948
-0.46989835467745356
0.3605324693081653
-0.18690879669554106
0.1338635522128233
-0.4009047159137037
0.14095872396590226
-0.010150996799268674
-0.673739842589107
0.006574133839415186
0.3734738312205237
-0.032844395732860465
-0.7619739702312014
0.003663242713106918
0.2461040519337041
0.19747093605882782
-0.3474502810973744
-0.7916549000047988
-0.20556185150605955
-0.15241129781874685
0.23698422746137604
-0.37073253522737004
0.3575309150321142
-0.3066677985735903
-0.25985668790932315
-0.44638449427267435
0.8473744850430451
-0.43310869515875294
0.0028641919056016096
-0.4696056197076628
0.41759762582189497
0.19340145445511991
-0.1853150242942101
-0.32198023199915393
0.8665871318814724
0.02937952266329913
0.7254175167628056
0.8634423366694794
-0.5735160765666284
-0.29901360545317834
0.5383668223762919
-0.7644297639345012
-0.7621384053489182
0.18514809802573806
0.9091809266612394
0.1715544654424006
-0.36607333341000436
-0.10235211259382615
-0.00148468412400804
0.6763359412923773
-0.16965196358250756
0.4851336606760017
-0.26849522579016627
0.2062277456115591
-0.05796275240379156
0.1907754849362382
-0.8601475149558668
-0.2339821953138782
-0.06606821841405841
0.027710555892105138
-0.7510526271664046
0.3444345414725336
0.10027327801486452
0.3149520344275287
-0.056896566998103304
0.6164075851422943
-0.43133745508670707
0.06021908388400332
0.8915395287148167
0.8893394886648154
0.15171044390712374
-0.2517588084330107
-0.2510988578590376
0.5126833347781381
0.36488466076644266
-0.5351861630234057
-0.16820200230918347
-0.2500437594268329
0.6569852059705719
-0.3921750398714846
-0.5254619014907314
0.19810030830638636
-0.23232844131251496
0.1983609955547636
-0.3113706956332897
0.3190488932935498
0.0416100864792881
-0.7793716197787756
-0.9546605159213956
0.015130691724303258
0.7602772374144389
0.051794864472148205
-0.382276019567127
0.2959725696334643
0.06266355602428675
0.21831268795260939
-0.5432636772274456
0.4208409205471486
0.6478440650878152
0.12119840611688915
-0.6088588505717334
-0.7829473124294601
0.11256837203787495
0.5875201957287612
0.12345706181095073
0.4563023077166135
-0.4093120512703602
-0.6077674265337148
0.17164185007009602
-0.9583579685491163
-0.12694130714267482
0.03012940013892207
-0.7048054117067163
0.014296934260735306
0.5263826614998852
-0.37042813576607414
-0.2177734820533863
-0.6260159799428137
-0.18499392408830084
0.7355606652026501
-0.021771834706545756
-0.36655847790387697
-0.7344393225135998
-0.7016860471503426
0.5427057979038263
-0.39135112494651325
-0.27341308165092515
0.0914813718057319
0.5211550743575297
-0.28796263291220825
-0.17799547794476822
0.2337677097000772
-0.4304815445964242
0.3477835985247113
-0.2215329199113969
0.6950687011312411
-0.12971492199390133
0.16149598927485043
-0.5985344024436184
-0.1342494320056361
0.18421562780190648
0.27620988422454884
-0.15398755317872348
-0.2359172627687599
-0.05917029686246689
-0.22680062784782773
0.107570584690305
-0.5909575372199897
-0.03731527428669679
-0.8192853132456557
-0.05178683553793695
0.43780033510410976
0.06635609711725943
0.049229852142064434
0.5482928127818072
0.5406600870378042
0.050476606939704904
0.7005317981463879
0.1441015075789609
-0.06774333401680144
0.4405578126170422
0.36925809631231776
0.0653340995978593
0.15767934810148132
-0.03674398254752054
0.40909355510715795
0.14935752436599348
0.3158439284190686
-0.30956283230431136
-0.14939648918168424
0.177312833287679
-0.0181830199207782
0.49262462038795807
0.043101879249295205
0.04360860205449635
0.5730833471154355
-0.032028499100113295
-0.507549365058174
-0.08240830412676514
-0.1403285911272143
0.5762001612215575
0.18421437120601603
-0.546387933510614
-0.6776679443814292
-0.037012343097226896
0.29781682662527054
-0.012616286862204729
0.31794437578259505
-0.4871224129128624
0.19426288654639556
0.7369580367964845
0.22286858057156045
-0.026383469131744497
-0.7183104304169561
0.18244489542996778
0.15182600931988377
-0.006167798369087207
-0.011804499952168146
0.5362339735121915
-0.015414402519961401
0.09691702668208713
0.1716870949717908
-0.01579741821793812
0.238739861799671
-0.43004430077212474
0.23962635394089493
-0.4538583952883175
-0.2883623250139322
-0.48869716389752105
0.06582012034771889
0.29180061242305233
-0.26355506557623587
0.48396676574281194
0.00755818614481063
-0.07799497601806848
-0.5654946388378875
-0.33157022893660004
-0.254648897158289
-0.5494787566042347
-0.13249824097276197
0.6868084803638017
-0.3286893439080274
-0.3378438699877854
0.0969003049504058
-0.15217840669590843
0.08426348712571974
0.14187113682600438
-0.8527675787492076
-0.04355048018292862
-0.49386860330445903
-0.011637265790261808
-0.7616344040530334
0.03083306352166648
0.3915770172346904
-0.10719900189324993
0.5449578123808605
0.30934852148036374
0.8524888310109993
-0.20390550751737657
-0.5585565817685417
-0.2672970662497536
0.29984504276876334
0.7635515937302302
0.12335257997025906
-0.12470996900829368
-0.432818293603618
0.09459550164582531
0.42399954023839914
-0.29761561862585784
-0.48868821188870315
-0.02866601436908789
0.7162076834046693
-0.6590969033034279
0.18268180303253523
0.12708880953396173
-0.07258357981998287
0.6325674222765914
-0.4533266010877477
-0.4281340778437316
-0.5222532245387826
0.3802630992384355
-0.6303840951398026
-0.26249391513433407
-0.45560120775911916
0.6546978859898651
0.44055919069063854
-0.8641978693858875
-0.19996431509806678
0.362836503161577
0.27590513452219056
0.39232739416877416
-0.7836565070246163
0.1420362653954257
0.21979538022954803
-0.2711718301907108
0.17334641308638377
0.016374887406862326
0.05147295092575499
0.40950044615381564
0.4517342117664387
-0.5845022303732715
0.897603389853507
0.18858582618652875
-0.5622255653581586
-0.20963013782615203
0.07004497935772624
-0.2772686299242729
-0.19671953129977193
0.5811290813447156
0.22000641314618052
-0.3929113812869215
-0.295685853344998
-0.7127323119333507
-0.40356913458255983
0.3509975004642889
-0.6849985561284362
-0.0002387781870745176
0.25222289684515253
-0.08912240739551847
-0.16978690017553466
-0.6973362691727353
0.21750860709904885
-0.011711537016882878
0.6876865531899925
0.23758555932617087
0.7611820868377341
0.10725596694054196
0.12689793195843446
0.313962604853641
0.20780483410136052
0.07940594246412358
-0.09945243822374195
0.008948763868245724
-0.19008002827671677
-0.14909932105660517
0.45686418805511186
-0.46092302667483154
0.16237018269072712
-0.27010221474473217
-0.7540682753450506
-0.558887685759352
0.3972572025758079
-0.5973985841319762
0.21214789390770394
-0.006438109962885741
0.30337399742710724
0.29359844518363
0.3530748804816417
-0.0029419416038601875
-0.6114860434110405
0.06732419055668704
-0.04846865775290543
-0.8340568051494046
0.5621401529848755
0.4207215793106778
-0.34637887125391476
0.22905718563881128
0.4645355704316563
0.44766801268368916
-0.09786241621072223
-0.31224128928761363
0.16761972156705873
-0.15005694414158866
-0.004479732739409381
0.33345164762867396
-0.3203916237221385
0.7043286927424479
0.058497049554341096
-0.5745049674029933
-0.4141011835292655
-0.4175513235028493
-0.16073347105897862
-0.2408928075550253
-0.08272604901451219
-0.46896382151283733
-0.0024673465817232065
-0.14095673118378227
0.1316187078594382
0.22380609771968807
0.07222510771771606
-0.2963954643437987
0.20641117176315094
0.8259858178862629
0.5839923830728857
-0.6514974868693478
-0.08634106565003419
-0.19581883107937748
0.050308377559324935
-0.4942623920413868
0.18840980854589984
-0.08730447987352397
0.5350403257185397
-0.2105239057033974
-0.1437103145414127
0.2727768151815826
-0.2949618760483462
-0.5022176465571678
-0.14636173784232365
-0.3563985949891778
-0.26510040436224824
0.6528082349372997
0.17202205309705643
0.05651518179156878
-0.11564353282996598
0.03157664228287782
-0.332075329893739
0.27755836973177517
0.22570561524641275
-0.18452137520117662
-0.09420168263857454
-0.6310582424431629
0.3275696731655007
0.5125505326627113
0.06381854324898573
-0.28889068859366307
-0.8871863275061663
-0.03624683761916481
0.48411774918752104
-0.2828092061356988
0.1435224965972539
-0.35050362560872317
0.5925728054274049
-0.046827475639422356
0.427537782657337
0.09471060044482194
-0.6483940132057433
0.10143149546117636
0.13237804627924743
0.17359125923184404
0.044290936318405194
0.10810181666145113
0.3904727908304333
0.2968200352623853
-0.719799387383981
-0.08814246258061786
0.3282781887962867
0.04738562231426391
0.791469263237135
0.14706709365670978
-0.11818717949624091
0.29924010909555787
0.10216366632620599
-0.17806109340795861
-0.08884741211294911
-0.2577851273362187
-0.1811600084997147
0.6675484391075661
0.5774917046738663
-0.4304799074162796
-0.3483493197362285
0.13941177168760044
-0.142784958731337
0.33769904550230034
-0.42951067213299254
0.6053853202112829
0.3801120433945604
0.32095102863027103
0.9167837450651668
-0.15062575504627795
-0.4427476323812073
-0.6759242394101418
0.1173099386556351
0.5338498868296675
0.17770476611240493
0.4912404908485293
-0.7459808041375234
0.7052947221021979
-0.8339236538597711
-0.7935825701811888
-0.09651612162400924
0.06733120186283115
0.3577667096056465
0.3668547774415116
0.2158370754658292
0.15016263034588473
-0.0009590404049367729
-0.25948252692135343
0.509179884023861
-0.5778399596714188
-0.6915035371586395
0.38851363977283837
0.7349229469745562
0.3134507309096066
0.672901291666085
-0.10687782410282143
-0.23406570209322997
0.016121597577972047
0.0007234576955212901
-0.6025216217232601
0.3675781714335402
-0.1373989178853905
0.03934229430808678
-0.0239302686036037
-0.7099664009202967
0.14372478043416814
0.8738115329247171
0.20492715802186257
-0.21060633061476408
0.20656363111508225
0.35623271963722014
-0.25357517842535815
0.22820947702468164
0.49771649745254587
0.35142019201767116
0.5833461828591606
-0.281363112432224
-0.015287984585859782
-0.12962299948574674
0.11435349707744047
0.14506497672707797
0.14083231061885337
0.11959226902790032
-0.0003931677556524571
0.5127086786539752
-0.33123472512972774
-0.07333747112904287
0.50781839533686
-0.0814301013439106
-0.6105344826080874
0.27956459570545955
0.4926877200772595
0.13595746132653952
-0.8409671577814436
0.2068139324113234
-0.27375042678329387
-0.5897809841277694
-0.029827093831943374
-0.4977722602241945
0.6047979990778802
-0.23153190029431592
0.13071069117992917
0.7727263872237902
0.16710559055443674
0.3685797461650089
-0.011004634291029936
0.33170827823188365
-0.8039128125035487
-0.5308816703624786
-0.4103897011812555
-0.39202222497699946
-0.4443974621637554
-0.1197481644267745
-0.16221363298211122
-0.526168947125033
-0.44533925537040153
0.18737703359279956
-0.049787312229252145
-0.7420649201196953
-0.3873370202064398
-0.15565963848342879
0.17064680166613422
0.036504610894896095
-0.1740257876570359
0.9218363569944483
-0.8144801919985568
0.1701533767204233
0.8582004954444176
0.2942908560155755
-0.48728891776602656
0.5344437101388118
-0.7627783397602417
0.17986607442264235
0.3917458776358793
0.09994270717161702
-0.8553531780478288
-0.4990588193544889
-0.1406398952263882
0.2306607263923417
-0.4773180849406461
-0.32550401243487326
-0.09083166748352034
0.5676212375076557
0.34429215927523904
-0.4015311181245177
0.30045213942489335
-0.11830277221645114
0.4161943371160812
0.5268194761823539
-0.9469727605563238
0.25648365583304433
0.49170549807136554
-0.127812318670252
-0.11176954507693715
-0.08756559308226974
0.7799623124112216
0.17492919122404516
-0.3087169328621673
0.35525369281636476
-0.0293392411784551
0.2118463891791582
-0.08091697320610547
0.41556163622888853
-0.6709394020756407
0.39728130579112975
-0.2231827113392455
-0.07369460189979538
0.025896110397213068
0.1982015705700082
-0.26792330916310914
0.3837741403740129
0.2577594074564269
-0.5610096802971432
0.15682329130220474
0.9664797659744953
-0.1780723164132677
0.008246865902932221
0.4568921613355146
-0.6583224143281363
-0.008475092735051426
0.2452235558427449
-0.03982221117477347
-0.20240415960316316
-0.33358046718355494
-0.8312477027257159
0.7296431532573115
-0.1689746481744835
-0.7989015434643615
-0.12182761049731694
-0.08273364553213414
-0.15747797072840009
-0.16699687843270938
0.2640952620644581
-0.69532554807818
-0.16105189273130194
-0.5518203607813595
0.11019431608062447
0.2875338217780561
-0.7639598229319028
-0.31278130308515184
0.24012292136226154
-0.45561366419648897
0.6624768929346065
0.8692149656128709
-0.2249316080693422
-0.13865469120825036
0.1388980838464593
0.09393515711442513
-0.03218854955389239
-0.813953461380086
-0.6233727788749038
-0.3382227250991847
0.4800057523629162
-0.7621170607911204
-0.13706909313779503
-0.03459277533065752
0.8056233761327896
-0.7046925632087565
-0.12496659032238511
-0.6190583073401403
0.5005020935356117
0.624005085857287
0.5622201536574465
0.552576219782339
0.5399029361927965
0.16461535753391887
-0.05655593478657006
-0.05278133350523351
-0.4984999171108585
0.3854979300399204
0.4901643138150882
-0.23541132699517453
0.5490949190142014
0.09945540255068419
0.5436992024129403
-0.4129098937532545
