4
9
18
18
9
-0.23670685140282402
-0.23670685140282402
-0.23670685140282402
-0.23670685140282402
-0.23670685140282402
0.23670685140282402
0.23670685140282402
0.23670685140282402
-0.23670685140282402
0.23670685140282402
0.23670685140282402
-0.23670685140282402
-0.23670685140282402
-0.23670685140282402
0.23670685140282402
0.23670685140282402
0.23670685140282402
-0.23670685140282402
0.588240984012698
0.588240984012698
0.588240984012698
0.588240984012698
0.588240984012698
-0.588240984012698
-0.588240984012698
-0.588240984012698
0.588240984012698
-0.588240984012698
-0.588240984012698
0.588240984012698
0.588240984012698
0.588240984012698
-0.588240984012698
-0.588240984012698
-0.588240984012698
0.588240984012698
-0.5127035159189177
-0.5127035159189177
-0.5127035159189177
-0.5127035159189177
-0.5127035159189177
0.5127035159189177
0.5127035159189177
0.5127035159189177
-0.5127035159189177
0.5127035159189177
0.5127035159189177
-0.5127035159189177
-0.5127035159189177
-0.5127035159189177
0.5127035159189177
0.5127035159189177
0.5127035159189177
-0.5127035159189177
0.5695377945034235
0.5695377945034235
0.5695377945034235
0.5695377945034235
0.5695377945034235
-0.5695377945034235
-0.5695377945034235
-0.5695377945034235
0.5695377945034235
-0.5695377945034235
-0.5695377945034235
0.5695377945034235
0.5695377945034235
0.5695377945034235
-0.5695377945034235
-0.5695377945034235
-0.5695377945034235
0.5695377945034235
-0.504940782550239
-0.504940782550239
-0.504940782550239
-0.504940782550239
-0.504940782550239
0.504940782550239
0.504940782550239
0.504940782550239
-0.504940782550239
0.504940782550239
0.504940782550239
-0.504940782550239
-0.504940782550239
-0.504940782550239
0.504940782550239
0.504940782550239
0.504940782550239
-0.504940782550239
0.27520912667439035
0.27520912667439035
0.27520912667439035
0.27520912667439035
0.27520912667439035
-0.27520912667439035
-0.27520912667439035
-0.27520912667439035
0.27520912667439035
-0.27520912667439035
-0.27520912667439035
0.27520912667439035
0.27520912667439035
0.27520912667439035
-0.27520912667439035
-0.27520912667439035
-0.27520912667439035
0.27520912667439035
-0.5480589066902586
-0.5480589066902586
-0.5480589066902586
-0.5480589066902586
-0.5480589066902586
0.5480589066902586
0.5480589066902586
0.5480589066902586
-0.5480589066902586
0.5480589066902586
0.5480589066902586
-0.5480589066902586
-0.5480589066902586
-0.5480589066902586
0.5480589066902586
0.5480589066902586
0.5480589066902586
-0.5480589066902586
-0.4265329247209284
-0.4265329247209284
-0.4265329247209284
-0.4265329247209284
-0.4265329247209284
0.4265329247209284
0.4265329247209284
0.4265329247209284
-0.4265329247209284
0.4265329247209284
0.4265329247209284
-0.4265329247209284
-0.4265329247209284
-0.4265329247209284
0.4265329247209284
0.4265329247209284
0.4265329247209284
-0.4265329247209284
0.5101175167229453
0.5101175167229453
0.5101175167229453
0.5101175167229453
0.5101175167229453
-0.5101175167229453
-0.5101175167229453
-0.5101175167229453
0.5101175167229453
-0.5101175167229453
-0.5101175167229453
0.5101175167229453
0.5101175167229453
0.5101175167229453
-0.5101175167229453
-0.5101175167229453
-0.5101175167229453
0.5101175167229453
0.5658220238670892
0.5658220238670892
0.5658220238670892
0.5658220238670892
0.5658220238670892
-0.5658220238670892
-0.5658220238670892
-0.5658220238670892
0.5658220238670892
-0.5658220238670892
-0.5658220238670892
0.5658220238670892
0.5658220238670892
0.5658220238670892
-0.5658220238670892
-0.5658220238670892
-0.5658220238670892
0.5658220238670892
-0.5894858717752012
-0.5894858717752012
-0.5894858717752012
0.5894858717752012
0.5894858717752012
0.5894858717752012
0.5894858717752012
-0.5894858717752012
0.5894858717752012
-0.5894858717752012
-0.5894858717752012
-0.5894858717752012
0.5894858717752012
-0.5894858717752012
0.5894858717752012
-0.5894858717752012
0.5894858717752012
-0.5894858717752012
-0.5894858717752012
-0.5894858717752012
-0.5894858717752012
0.5894858717752012
0.5894858717752012
0.5894858717752012
0.5894858717752012
-0.5894858717752012
0.5894858717752012
-0.5894858717752012
-0.5894858717752012
-0.5894858717752012
0.5894858717752012
-0.5894858717752012
0.5894858717752012
-0.5894858717752012
0.5894858717752012
-0.5894858717752012
-0.5894858717752012
-0.5894858717752012
-0.5894858717752012
0.5894858717752012
0.5894858717752012
0.5894858717752012
0.5894858717752012
-0.5894858717752012
0.5894858717752012
-0.5894858717752012
-0.5894858717752012
-0.5894858717752012
0.5894858717752012
-0.5894858717752012
0.5894858717752012
-0.5894858717752012
0.5894858717752012
-0.5894858717752012
-0.5894858717752012
-0.5894858717752012
-0.5894858717752012
0.5894858717752012
0.5894858717752012
0.5894858717752012
0.5894858717752012
-0.5894858717752012
0.5894858717752012
-0.5894858717752012
-0.5894858717752012
-0.5894858717752012
0.5894858717752012
-0.5894858717752012
0.5894858717752012
-0.5894858717752012
0.5894858717752012
-0.5894858717752012
-0.5894858717752012
-0.5894858717752012
-0.5894858717752012
0.5894858717752012
0.5894858717752012
0.5894858717752012
0.5894858717752012
-0.5894858717752012
0.5894858717752012
-0.5894858717752012
-0.5894858717752012
-0.5894858717752012
0.5894858717752012
-0.5894858717752012
0.5894858717752012
-0.5894858717752012
0.5894858717752012
-0.5894858717752012
0.5894858717752012
0.5894858717752012
0.5894858717752012
-0.5894858717752012
-0.5894858717752012
-0.5894858717752012
-0.5894858717752012
0.5894858717752012
-0.5894858717752012
0.5894858717752012
0.5894858717752012
0.5894858717752012
-0.5894858717752012
0.5894858717752012
-0.5894858717752012
0.5894858717752012
-0.5894858717752012
0.5894858717752012
0.5894858717752012
0.5894858717752012
0.5894858717752012
-0.5894858717752012
-0.5894858717752012
-0.5894858717752012
-0.5894858717752012
0.5894858717752012
-0.5894858717752012
0.5894858717752012
0.5894858717752012
0.5894858717752012
-0.5894858717752012
0.5894858717752012
-0.5894858717752012
0.5894858717752012
-0.5894858717752012
0.5894858717752012
0.5894858717752012
0.5894858717752012
0.5894858717752012
-0.5894858717752012
-0.5894858717752012
-0.5894858717752012
-0.5894858717752012
0.5894858717752012
-0.5894858717752012
0.5894858717752012
0.5894858717752012
0.5894858717752012
-0.5894858717752012
0.5894858717752012
-0.5894858717752012
0.5894858717752012
-0.5894858717752012
0.5894858717752012
-0.5894858717752012
-0.5894858717752012
-0.5894858717752012
0.5894858717752012
0.5894858717752012
0.5894858717752012
0.5894858717752012
-0.5894858717752012
0.5894858717752012
-0.5894858717752012
-0.5894858717752012
-0.5894858717752012
0.5894858717752012
-0.5894858717752012
0.5894858717752012
-0.5894858717752012
0.5894858717752012
-0.5894858717752012
0.5894858717752012
0.5894858717752012
0.5894858717752012
-0.5894858717752012
-0.5894858717752012
-0.5894858717752012
-0.5894858717752012
0.5894858717752012
-0.5894858717752012
0.5894858717752012
0.5894858717752012
0.5894858717752012
-0.5894858717752012
0.5894858717752012
-0.5894858717752012
0.5894858717752012
-0.5894858717752012
0.5894858717752012
0.5894858717752012
0.5894858717752012
0.5894858717752012
-0.5894858717752012
-0.5894858717752012
-0.5894858717752012
-0.5894858717752012
0.5894858717752012
-0.5894858717752012
0.5894858717752012
0.5894858717752012
0.5894858717752012
-0.5894858717752012
0.5894858717752012
-0.5894858717752012
0.5894858717752012
-0.5894858717752012
0.5894858717752012
-0.5894858717752012
-0.5894858717752012
-0.5894858717752012
0.5894858717752012
0.5894858717752012
0.5894858717752012
0.5894858717752012
-0.5894858717752012
0.5894858717752012
-0.5894858717752012
-0.5894858717752012
-0.5894858717752012
0.5894858717752012
-0.5894858717752012
0.5894858717752012
-0.5894858717752012
0.5894858717752012
-0.5894858717752012
-0.5894858717752012
-0.5894858717752012
-0.5894858717752012
0.5894858717752012
0.5894858717752012
0.5894858717752012
0.5894858717752012
-0.5894858717752012
0.5894858717752012
-0.5894858717752012
-0.5894858717752012
-0.5894858717752012
0.5894858717752012
-0.5894858717752012
0.5894858717752012
-0.5894858717752012
0.5894858717752012
-0.5894858717752012
-0.5894858717752012
-0.5894858717752012
-0.5894858717752012
0.5894858717752012
0.5894858717752012
0.5894858717752012
0.5894858717752012
-0.5894858717752012
0.5894858717752012
-0.5894858717752012
-0.5894858717752012
-0.5894858717752012
0.5894858717752012
-0.5894858717752012
0.5894858717752012
-0.5894858717752012
0.5894858717752012
-0.5894858717752012
0.5894858717752012
0.5894858717752012
0.5894858717752012
-0.5894858717752012
-0.5894858717752012
-0.5894858717752012
-0.5894858717752012
0.5894858717752012
-0.5894858717752012
0.5894858717752012
0.5894858717752012
0.5894858717752012
-0.5894858717752012
0.5894858717752012
-0.5894858717752012
0.5894858717752012
-0.5894858717752012
0.5894858717752012
0.5894858717752012
0.5894858717752012
0.5894858717752012
-0.5894858717752012
-0.5894858717752012
-0.5894858717752012
-0.5894858717752012
0.5894858717752012
-0.5894858717752012
0.5894858717752012
0.5894858717752012
0.5894858717752012
-0.5894858717752012
0.5894858717752012
-0.5894858717752012
0.5894858717752012
-0.5894858717752012
0.5894858717752012
0.5894858717752012
0.5894858717752012
0.5894858717752012
-0.5894858717752012
-0.5894858717752012
-0.5894858717752012
-0.5894858717752012
0.5894858717752012
-0.5894858717752012
0.5894858717752012
0.5894858717752012
0.5894858717752012
-0.5894858717752012
0.5894858717752012
-0.5894858717752012
0.5894858717752012
-0.5894858717752012
0.5894858717752012
-0.5894858717752012
-0.5894858717752012
-0.5894858717752012
0.5894858717752012
0.5894858717752012
0.5894858717752012
0.5894858717752012
-0.5894858717752012
0.5894858717752012
-0.5894858717752012
-0.5894858717752012
-0.5894858717752012
0.5894858717752012
-0.5894858717752012
0.5894858717752012
-0.5894858717752012
0.5894858717752012
-0.5894858717752012
-0.47762782400364223
-0.47762782400364223
-0.47762782400364223
0.47762782400364223
0.47762782400364223
0.47762782400364223
0.47762782400364223
-0.47762782400364223
0.47762782400364223
-0.47762782400364223
-0.47762782400364223
-0.47762782400364223
0.47762782400364223
-0.47762782400364223
0.47762782400364223
-0.47762782400364223
0.47762782400364223
-0.47762782400364223
-0.12305056003630545
-0.5966875352291491
0.15286949614005646
-0.5864121193847467
0.25747262044491454
-0.5672822682771264
-0.2922470298751203
-0.2261052072609182
-0.5759365728861295
-0.12305056003630545
-0.5966875352291491
0.15286949614005646
-0.5864121193847467
0.25747262044491454
-0.5672822682771264
-0.2922470298751203
-0.2261052072609182
-0.5759365728861295
-0.12305056003630545
-0.5966875352291491
0.15286949614005646
-0.5864121193847467
0.25747262044491454
-0.5672822682771264
-0.2922470298751203
-0.2261052072609182
-0.5759365728861295
0.12305056003630545
0.5966875352291491
-0.15286949614005646
0.5864121193847467
-0.25747262044491454
0.5672822682771264
0.2922470298751203
0.2261052072609182
0.5759365728861295
0.12305056003630545
0.5966875352291491
-0.15286949614005646
0.5864121193847467
-0.25747262044491454
0.5672822682771264
0.2922470298751203
0.2261052072609182
0.5759365728861295
0.12305056003630545
0.5966875352291491
-0.15286949614005646
0.5864121193847467
-0.25747262044491454
0.5672822682771264
0.2922470298751203
0.2261052072609182
0.5759365728861295
0.12305056003630545
0.5966875352291491
-0.15286949614005646
0.5864121193847467
-0.25747262044491454
0.5672822682771264
0.2922470298751203
0.2261052072609182
0.5759365728861295
-0.12305056003630545
-0.5966875352291491
0.15286949614005646
-0.5864121193847467
0.25747262044491454
-0.5672822682771264
-0.2922470298751203
-0.2261052072609182
-0.5759365728861295
0.12305056003630545
0.5966875352291491
-0.15286949614005646
0.5864121193847467
-0.25747262044491454
0.5672822682771264
0.2922470298751203
0.2261052072609182
0.5759365728861295
-0.12305056003630545
-0.5966875352291491
0.15286949614005646
-0.5864121193847467
0.25747262044491454
-0.5672822682771264
-0.2922470298751203
-0.2261052072609182
-0.5759365728861295
-0.12305056003630545
-0.5966875352291491
0.15286949614005646
-0.5864121193847467
0.25747262044491454
-0.5672822682771264
-0.2922470298751203
-0.2261052072609182
-0.5759365728861295
-0.12305056003630545
-0.5966875352291491
0.15286949614005646
-0.5864121193847467
0.25747262044491454
-0.5672822682771264
-0.2922470298751203
-0.2261052072609182
-0.5759365728861295
0.12305056003630545
0.5966875352291491
-0.15286949614005646
0.5864121193847467
-0.25747262044491454
0.5672822682771264
0.2922470298751203
0.2261052072609182
0.5759365728861295
-0.12305056003630545
-0.5966875352291491
0.15286949614005646
-0.5864121193847467
0.25747262044491454
-0.5672822682771264
-0.2922470298751203
-0.2261052072609182
-0.5759365728861295
0.12305056003630545
0.5966875352291491
-0.15286949614005646
0.5864121193847467
-0.25747262044491454
0.5672822682771264
0.2922470298751203
0.2261052072609182
0.5759365728861295
-0.12305056003630545
-0.5966875352291491
0.15286949614005646
-0.5864121193847467
0.25747262044491454
-0.5672822682771264
-0.2922470298751203
-0.2261052072609182
-0.5759365728861295
0.12305056003630545
0.5966875352291491
-0.15286949614005646
0.5864121193847467
-0.25747262044491454
0.5672822682771264
0.2922470298751203
0.2261052072609182
0.5759365728861295
-0.12305056003630545
-0.5966875352291491
0.15286949614005646
-0.5864121193847467
0.25747262044491454
-0.5672822682771264
-0.2922470298751203
-0.2261052072609182
-0.5759365728861295
0.6543064438723991
0.6089041557450244
0.6917807893741548
0.5871475457801539
0.7835232033724542
0.5683824806815171
0.60948913577944
0.5838685293031456
0.5841337008406997
