4
27
27
18
9
-0.0005692444566277599
-0.18766908194896859
-0.4317046376815882
-0.612542275621444
0.4554474633251495
-0.11230367877259484
0.06703988009892559
-0.1553068921523686
0.035953439372757634
0.5135789711085759
-0.24567402728723264
0.06624658402182293
0.247997054200078
-0.23076567520433255
-0.20999423067497947
-0.5270798913405695
0.7151249473051071
-0.35549452640997437
-0.04437395416843748
-0.4045462281195683
0.31465965687271025
-0.049688536307191056
-0.03831702660104075
0.11870248725515853
-0.07582941690465039
-0.1523197513930249
0.756100194778321
-0.4749441373149724
-0.854868658829544
0.2435429908579354
0.19630325326348652
0.34168801225035317
-0.26728966748357286
0.5853481572369841
0.868540474271194
-0.2700358254515366
-0.0685079447274709
0.00012713263305430544
0.1624374078782067
-0.8051538900295901
0.33689887269198726
-0.11768388247240413
0.39889321734555816
0.3732822055231251
-0.4524180726290691
0.5880435343218395
0.5627086188028612
-0.3968018817027327
-0.23311165164954561
0.43678748111176047
0.47560897415110825
0.04306773860288837
0.06509314662389865
0.4975577141287695
0.2503835890490165
-0.12982292613515534
-0.4308387937478817
-0.5010755880163639
-0.15576837716306358
0.1533409347367709
-0.22015482142980802
-0.047218487014433985
-0.2922395356259807
-0.08917542250978905
0.02080235743365333
0.4656239422262889
0.833756333572452
-0.29656367053388855
0.5427245704221535
-0.43598644360458616
-0.000432248499483201
-0.11638613387157948
0.30359068115529686
-0.09050682879775673
-0.3569885258470883
0.796310930417349
-0.533849055675409
-0.11852135861972923
-0.7753102641794086
-0.23140547675832734
0.6082894623447546
-0.0673075754375333
-0.2234877571781394
0.24568394097226798
0.1426722822082258
-0.7140407427128963
-0.5411669087946612
-0.6296322316814315
0.5425329962964058
0.01445098699264058
-0.11639677603214582
0.2073822552001252
0.47804992437264193
0.2954401609267543
0.38264189851140595
0.4188308310569768
0.007765384542732345
-0.06971921356509958
-0.502092334413353
-0.01993824984024417
0.16716736344429917
0.22962123587956462
0.4756953432034936
0.1901861178741715
-0.5828969097839489
-0.4160796427614126
-0.19317014919851805
-0.6817754485444136
-0.03552774543935311
0.06873150992231247
0.5728743254417825
0.40966727620698196
-0.7440648516109212
-0.013918842302086953
0.4339695517142572
-0.16229861637263676
-0.28145111015396485
0.191800884886421
-0.7184388034971597
-0.09736959706365145
0.22331489202172095
0.21496071122581029
0.25325051692956846
-0.4728695400055525
-0.6028880356913124
-0.37664200697960315
-0.01283915793163104
-0.872110780866002
0.032990324318280084
0.25828970839195886
-0.2420604703059246
0.5391884466319028
0.7237369602687318
0.07032512378868683
-0.3703512488922731
-0.06272003702589057
-0.14481158291506824
0.6378948943523703
0.33883002762403036
-0.04757755046569023
-0.7345249639259414
0.1486854614846096
0.276432797289035
-0.15096219899934948
0.27665296814385476
-0.31332229217673857
-0.2541932367338433
0.23409483719379542
-0.16956643092668633
0.8498737736807813
0.47891086570877217
-0.321458068451532
0.42557124617568975
0.15467871696048086
0.01681560193686371
0.866314080744212
0.06198146695273321
0.5913873738168571
0.7851241318628843
0.2391033132669349
0.1117083262157541
0.1495658602334351
0.06092816268842727
0.053642159343429086
-0.609650275507111
0.3074051218930347
0.016642428781532548
-0.41730005652846147
0.09262453245753233
0.6719599293935756
0.5489383266524628
-0.40298546415542114
-0.04746454313237891
-0.5250714700278669
-0.4295901852485038
0.028197183694786965
-0.3604939117828302
0.04829404781169755
-0.19520828986134742
-0.44256202442003933
-0.587135987899898
0.08089874918130713
-0.6914525581234876
0.4928832859923218
0.5927046053798022
0.061896039788617685
-0.35828931054411184
-0.009442625862134513
-0.463579491169423
-0.6963030630533162
0.05804200268831794
-0.1480315217326308
-0.5773404226851171
-0.18253337326943642
-0.14817181980032146
-0.32842332310383915
-0.3457456709158796
-0.14412000448899487
0.3081286132519576
-0.5503329705569298
-0.11193801117082225
0.6117749475984553
0.6956678087959036
0.33919883755062985
0.7497912311023749
0.6677934895597857
-0.6368661067749183
-0.8189510159406678
-0.00034901217744554014
-0.6033855698620473
0.1794934473200982
-0.22717444071936577
0.053589958676673266
0.2086866961254228
-0.2427318163194072
0.43037620502745777
0.004738422957488053
0.6067777861175456
-0.1713583923830161
0.5199956642459349
-0.112805014598922
-0.41348294481467296
0.005556131204512038
-0.23757521784603186
0.19528461419460896
0.19810306478602735
-0.4855047205073756
0.489214943673173
-0.16918475239623887
-0.23532771516440765
-0.2621589943456496
-0.3085144779591248
-0.40449032053264355
-0.283061623520635
-0.1856895142358087
-0.15305142242458047
-0.3393777070359385
0.05871008573380587
0.2995143209705742
-0.9052876599506814
-0.4426619270168095
0.8670685035474852
-0.1820211004443667
0.24300027759116172
-0.46712064773901163
0.235869134524608
-0.03619878851033065
0.46959220360416865
0.0021015370794468247
0.14577057957926254
-0.5823691348046797
0.13528015126868898
-0.0802362569555326
-0.3535362852097741
-0.47545387590686816
-0.016439711618340902
0.31701894595044644
-0.65700066548268
0.17981497577111938
0.04230765791082547
0.4256718616809012
0.7320643952105956
-0.5285059145394138
-0.3906362353177769
-0.39207985646997057
-0.4232530139315438
0.024802035231776598
-0.534932257740335
0.3139312501059657
-0.11417272664546807
-0.3481402323336209
0.1851826840973323
0.061638286478178816
0.31080895202560743
-0.481720632565542
0.09239996371636616
-0.13955383107661923
0.3644237018726164
-0.07871511811834275
-0.4441714112630335
0.15786486148866774
-0.15628145749948352
-0.2870112598104946
0.6542517303925248
0.2910725952162154
-0.21866139281101615
0.20021565463155966
-0.8573610725192365
0.08222443206086782
0.082576414934314
-0.016379677911275703
-0.6517546991991776
-0.3882051514758228
0.1132857706884236
0.19385990697490296
0.012856441639403027
0.6841606411216459
-0.2562017662747792
-0.1272333244549052
0.08561202654472644
-0.04497175649476037
-0.496374642906499
-0.2842990686906297
0.3034721207312723
-0.36448277437650234
0.5830861222523223
0.5788697850951581
0.18111455468872295
-0.5463576217881929
0.21027685724275802
0.2326878127551022
0.8073548145811131
0.45218751362295184
0.41621410853110996
-0.25326032818931243
0.6878829422041752
0.3852485042818441
-0.15196344128113148
-0.32003994463975116
0.45242925816865753
0.10879463424015645
0.029710152597506312
-0.17470360721143197
-0.13909529556069988
-0.428140373762428
-0.6399356170373159
-0.04501580989873044
-0.00254470569383769
-0.5256690004750252
-0.3618453592311668
0.1761488001375897
-0.30558946903302997
0.6291235488015725
-0.4848839398590965
0.19999112792412288
0.6281330903247169
-0.22650534714733517
0.19184592187046778
0.5904813274276979
-0.3586194042898546
0.2398007267324458
-0.37987361463004476
-0.053535534966326015
0.007724434441613859
-0.0025753938930005438
-0.4655591550844378
-0.20061896114804034
0.8069148807269457
-0.020894049613992105
-0.2817335487926639
-0.0006818282413991739
-0.6318331095388698
-0.16133838551530733
-0.741261174214449
-0.20660444697392077
-0.26910391365185704
0.1713233022754741
0.05680600861931229
0.09360880747476585
-0.8367400828225742
-0.35814639377163127
-0.41699452437987683
-0.16632232955877713
0.3874791698192861
-0.26237274267963195
-0.48810212424042176
0.036098290741491734
-0.2696482778112289
0.0420915980616281
0.3678503323737563
-0.19811725318673856
0.5982907922057499
0.12054444531251685
-0.11010333951885298
0.9291408733197399
-0.2706787720275644
0.7153849074523899
-0.3362526550499221
-0.8656987453389573
-0.10132806622091517
0.5510299965265624
-0.09658837252078178
-0.11264722342650146
0.2753808307980854
-0.449787042531828
-0.2192840124936447
-0.5994436968715773
0.0741607581381567
0.008555635721645416
0.36984102936181396
-0.3456209497021012
0.24107638328230108
0.1088711015438153
-0.006666614910171509
0.1788570118405184
-0.11597519245109889
-0.7623211487809178
-0.8498732609015365
0.258556726184507
-0.05298979494579181
-0.3016682710375984
0.42263243287931385
-0.4130937236620078
0.17258279704829715
0.21761072140692383
-0.42436002196211053
0.16960104868460268
0.6564057778068924
-0.3143882607183982
-0.46176117966765184
0.005340700603864157
-0.03160662218982979
0.1363287918522853
-0.34420864055255807
-0.7617405663767859
-0.7274641315135554
0.046752616293020965
-0.06579443321578327
0.23651038892906318
0.020716909321125465
-0.22310093632061445
0.26772602666720235
0.5644113214334205
0.1504959684588596
-0.490101150015964
0.6028337971810571
-0.4022309614615588
-0.16267342210460434
-0.3083247354949117
0.003860715052593555
0.34305827678236556
-0.9099338204746515
-0.15201999153689238
-0.06638490489259496
0.24409111173919085
0.24897249676829025
-0.6794506456935416
0.5938215498271422
0.0034796926691909036
0.008063361222503396
-0.8157757600404808
0.2910868608102817
0.8940892387494324
0.15362884695974266
-0.48130453483766233
0.5671597208964272
0.41120409614202513
0.9456094605484515
-0.10370735082699445
-0.1632937226335347
-0.5227590216649733
0.22220654261282524
-0.7615604643835797
-0.36946859472745675
-0.26589472436941064
0.2747582620116944
-0.11444865468722953
-0.37063924622178335
-0.2890634706170149
-0.33197111424632575
0.2718664917609761
0.2651003168340855
-0.9226610324261064
-0.40172459154957796
0.11297862360608235
-0.1396359039365137
0.1783218469157437
-0.1407906385262102
-0.2665404792652971
-0.6035664521636646
-0.17209134357685574
0.6050013893442667
0.8323535236409256
-0.14301773623764635
0.056811234544925426
-0.12095472942176133
-0.29552349988812643
0.10290393470235992
0.9325795645134276
-0.24377107867328207
0.07834391579244393
-0.4608238565060715
-0.05174273051570466
-0.4514718681849157
0.4132093393602525
-0.7435667872645483
0.03337848081500461
0.10344329915041284
0.7023086612775473
-0.32732094986064
-0.23396210446269738
0.43276944657731686
0.542012666278207
0.22098395081796518
-0.057839159779672245
0.6705449187181793
-0.11131494971404565
-0.0008869760501607482
-0.08152236554863912
-0.09357457112133594
-0.769833337233603
0.04328193393409707
-0.22106446120878387
-0.2514320161075527
0.5588940818776318
-0.28351871551575025
-0.21008598829733638
-0.13617207984455004
-0.25306216597064135
0.4869929234401167
0.25310742379670037
-0.3576220739655982
0.03293780097097199
0.27627874032553024
-0.2775993439462815
0.0981875132911445
-0.0015519215231497574
-0.21214090523385054
0.5666130166157828
0.38548428386433087
0.20978374891694473
0.35229892451310807
0.3516084901780441
0.555356959108505
0.3213197612160683
0.7516163952185599
-0.07019432375754464
0.7715219593200984
-0.18547836412149588
0.31599658864019853
0.48122489365902443
-0.29828952679980514
-0.1457379856512706
-0.5918909102560156
0.6516354134790188
-0.26408657989544404
0.13928024015229945
0.35473206116068523
-0.02565342647717439
0.09716402217925735
0.6767464037178192
-0.7927305776269904
0.27124356087957224
0.5895055871596697
0.12656799545347264
-0.455627734616308
-0.10233778022458939
0.12760662137122614
0.4343886655445768
0.24995401402654194
-0.08278662694718952
-0.042767511736035324
-0.5527453947760897
-0.7787579716380413
-0.8978295401039286
0.3837301089780809
-0.04771068875406781
0.33957267115385026
-0.5893343200979932
-0.07725862310337095
0.30401533103922884
0.7108871781673782
0.18026879716243815
0.7324243573178539
0.536956437174289
0.020753673367747805
-0.13393087644833113
-0.3340660495252319
-0.5829436484913215
-0.36153205314526327
-0.2561424620347942
0.3608081668643037
0.28859710467859667
0.31793278477599896
0.09146953867311969
0.18516245456298908
0.49136804371976384
-0.24651441736053836
0.010252611151597035
0.12963254946758296
-0.022843824465622165
-0.7933868490603792
0.4129279554637366
0.06666589141045742
-0.7136472015030896
-0.21862835431932204
0.6333105903395277
0.2363446732719381
-0.48803832080118803
0.6522067928592277
-0.25981086422709765
0.38641277930209283
-0.633138264832469
-0.3528544169756922
0.26413277652170786
-0.015059394933743309
-0.2746620564601632
0.5513635950359976
0.4816451357655873
-0.3011441028072521
-0.412508152171573
-0.48498046386450455
-0.37598114925365334
0.0075813178256320946
-0.037799681774640326
-0.44135131367745917
-0.6526480686823641
0.7698087368913253
-0.3818646236039772
0.6404831258426094
0.587019959412495
0.020730558903488072
0.6905291496008772
0.29162286500071355
0.00585756682127192
0.3613863847580572
0.5256874922756563
0.10074048653028167
0.5705541895781199
-0.3779391153124725
-0.4539714208733988
-0.4507217172483097
-0.40167951633554444
-0.43142038395271065
0.2910203814598309
-0.3131065640072275
0.3727420362050504
-0.125448962985114
0.132484277607271
-0.7178349882594136
-0.28124017067596285
0.09153806521031704
-0.10546631489223868
-0.31950700907214225
0.8469792662541418
0.23967283662127636
-0.07107344406780725
-0.28885282690025327
-0.2328288077523879
-0.2136906797659135
0.30455519281385435
-0.3673438621091978
0.026581462650303367
0.019730129968295484
0.0547092786636596
-0.5004147944042359
-0.2552793691634728
0.11126676602009833
-0.010126507575802468
0.3415108638107238
0.4730499425093737
0.2589149500084178
0.12079703050418544
0.19622286305252978
0.18492878079702724
0.3399679321692499
-0.32211419177764034
-0.4645557993900441
0.17329016269984487
-0.4933334684564368
-0.2791206283006388
0.44212014296173185
0.11641340354464558
-0.6442536265731983
0.010683918258632463
-0.18896156592332303
0.4105447301541587
0.43333755676845853
0.8849771675125848
-0.3399369050180847
0.16331038763181982
0.40338980972966354
0.039055220615812125
0.8238229116609816
0.1398819308924879
-0.19592271670579342
0.49316002081050536
-0.32632772273798805
-0.33427559574239196
0.22704491116371361
0.57248584613697
-0.2970435959217158
-0.7402008462218934
-0.6918849747583182
-0.3238407499711289
-0.29679261043292204
-0.5490349570911826
0.010819712613892474
-0.23492975730364107
-0.14506956557774753
0.1738873730650814
-0.5778020990100777
-0.781436911430261
0.7635792510021921
0.039599617543112586
-0.17631145241268864
0.07665831241793741
0.21281251663584388
0.12077734776424376
0.816430719294345
0.09205214708015896
0.3256119359924461
0.47959781484415465
0.2903940124672326
0.265015632108875
0.15866317606434155
-0.012287536511656705
0.8621556311613892
0.39545452818932136
0.6035469674324019
0.33383012881456864
0.40442351827054
-0.06216543417958642
-0.19894693256297669
-0.2965570459817439
0.3175069106095436
0.38194092401245605
0.0682578539929013
0.3618706485094605
0.23821071947273942
-0.4162562283243044
0.2936871822898208
0.42607526626757863
0.5070352780343463
0.08572399937479136
0.3881201675248187
-0.05822221928055815
0.350380675034772
-0.2790583355933005
0.16410334828574324
0.6187546368098285
0.1550181459328841
-0.9098193121887266
0.31500498659080023
-0.21346929481686783
-0.020149127645650244
0.5020118419951105
-0.7229169934868336
0.18983389689072183
-0.53845313452611
-0.17246588622341608
-0.4303083383488565
0.190276652558246
-0.18216731081490634
-0.025602136261441588
0.24398557509028151
-0.15136204730059843
-0.1366692906620659
0.16260988882164962
-0.5258301687616994
0.12757851608262705
0.1685954149190163
0.8034695505820466
0.32804784829609623
-0.1694237263079319
0.07778524122559238
0.3111313696505609
0.2496637254001548
0.2568567394727366
-0.6493040850446761
0.3804197822840589
-0.28337377151330123
0.5093923551821531
-0.06052237631010127
0.6807985991634804
-0.07687844217772355
-0.43806811998677075
-0.638578870980368
0.35564745239477524
0.2615150861249558
0.2909314218664467
0.009030746746801377
-0.19080834166747485
0.7630641074565072
0.049493830808794215
0.30842339159407395
-0.4856058162965088
-0.5522991885551463
-0.008121438324239172
0.3822803755299451
-0.5524564895641624
0.06143715411810291
-0.6313028343306637
-0.626168318738516
-0.0015739374254153393
-0.1975263356610989
0.031626311802930074
-0.30023553701145167
0.3458650080221455
-0.24432829788728883
0.1540924076840966
-0.14141991975604362
-0.7770543649586309
0.13598062817089018
0.8480232249894852
0.5203213831051441
0.25519031327556885
-0.41074606413815307
-0.35234455967330836
-0.48146134358537285
0.07451088600337608
-0.3783954873061859
0.6418664359831094
0.012555443681097511
0.042528816594805896
-0.4059245775471235
0.4073392059865406
-0.011572418736830126
-0.11797849928363457
0.5328988803245824
-0.37623402154322627
-0.26305779071598356
0.2841568237203136
-0.05838529840867357
-0.9379713092169955
-0.43950507481450996
0.19891061210992134
0.07282705320812255
-0.43888593114954233
-0.10390850888007519
-0.12725568140669574
0.04944098857240853
-0.1953825870256748
-0.9591703534817144
-0.4121800211625398
0.1574710456561621
0.8729957437080578
-0.7080599724304246
0.3143830179914193
0.3974788282654851
0.6728807609325456
-0.2499387376099541
-0.21075294572780534
-0.21100482302364354
0.7326931330818418
-0.1449816057200244
0.053811843976466545
-0.08603396452782985
0.45785318476307646
-0.0037465113891059776
-0.25651414523006266
-0.4274718970965944
0.024911538392178523
-0.203994309478972
0.2685413151485081
0.2883225060688279
0.18083812419861411
0.30933392959207584
0.7249049680645463
0.5739998036284908
-0.25606604701641045
-0.347555098592767
-0.6878252717215528
-0.2481045640034163
0.3988473226628608
-0.5275688218138536
0.8258910255963234
0.371424456135407
-0.3856432145967956
0.2368637382597889
0.17224175747856352
0.19377311772354622
0.3704287500642005
-0.004014099306113295
0.04065167439901618
-0.01421531303652146
-0.5699968281593496
-0.048497998283113075
-0.6339149403069696
-0.3276505956292126
0.297232502022746
-0.47099906430531824
-0.6396194348381827
0.2428218578266783
-0.10135509469682902
0.14435695768091783
0.022143706769118587
-0.9676621732168547
0.633521570416073
0.9783998512347223
-0.09855949266382069
0.00823417915905722
-0.03197966935296781
-0.3890431359653742
-0.008300173744038242
-0.11474539617107293
-0.28090178742333005
0.033557414355852355
-0.15827520580580812
-0.20651629970026752
-0.14489225714421705
0.07510798931447238
-0.3485810679203134
0.7139983573162216
-0.1448820505670777
-0.37585252404881286
-0.10575569664905937
-0.27225252344478923
0.1421312404157027
0.6828336883112587
-0.5244436062195824
-0.37870127684786914
-0.7108957698836139
0.4612491265474492
-0.699755760541313
0.17566769499612556
-0.1349294291857367
-0.565326863476027
0.6699071979959781
-0.007921068786148733
-0.3382460928358306
-0.7841849039688075
-0.00391703934761356
-0.5942708116755205
0.2530208015956119
-0.5124253843420258
-0.1244369836865108
-0.04541134800535862
-0.29447418063637165
-0.7139596820680298
-0.8876430962702093
-0.6358984763485567
-0.3343660300801591
-0.19383489137187226
0.39754993056058807
-0.05126205481669399
-0.505923656561105
-0.15166215974420572
0.06549152175916317
0.25588023411038696
0.21759525788020628
-0.3639792191047283
0.30487120574696336
-0.5585159035673867
-0.7476092656099583
0.019269695216596272
0.28349863928883545
-0.033473534915662184
-0.43853579738857174
-0.7041801109638062
-0.1096796324533722
-0.09577227633580099
0.8846061275153938
-0.012473252477251617
-0.20099280122121832
-0.9161308243060745
0.010107419161437425
-0.07661346925467272
0.010207446716747892
0.31835707109646494
0.10759272008931742
0.31130735849129065
0.12229035510589714
-0.597359230594537
0.49049767127111377
-0.31276555190020927
0.3801872599000995
-0.11506550788171133
0.6082123866967826
-0.2884094632452582
-0.8032318349558852
0.21764445152339196
0.13973043303770827
-0.08614200126231353
-0.28098299654381
0.10473329353293614
0.5443895945874102
-0.5206587143870705
-0.5042189508764905
-0.12436090481979722
-0.7844940087313265
0.005434081932861101
0.2832886864110842
-0.19064926139733618
0.07504467982133134
0.3844641248383529
-0.5772690961566194
0.5860906020390919
0.3154190360185911
-0.17504653734621134
-0.0046543374282924654
0.7624828375154773
0.3213426443334968
-0.09268189662196202
-0.5755409441665422
0.27944600382840257
-0.3042162363476404
-0.11201878810066623
-0.2157222783310654
-0.2995147200040936
-0.12982961614029664
0.7757956221556777
-0.5755014013285981
0.4216594649108705
-0.7614546620936629
0.7781626094020675
-0.3108072795986697
0.11735124958037657
0.4369500102716364
-0.14343296656327076
0.12709984949401854
0.08017780536568253
0.2738072969171643
0.3717351069091457
0.0466565522333684
-0.5468989444604349
0.030838922655488155
-0.4501836366133337
-0.18375849157196034
-0.1182471565567097
0.39336120287364684
0.2743044816079323
0.04162242517894432
-0.007394583321074344
0.2345544731456486
-0.008850763767812464
-0.040780949148303325
-0.2776306248192888
-0.8852563311932182
-0.13038785386958496
-0.1434347190355253
0.2725284002951369
-0.056552787623941336
-0.42293167170822354
-0.30092858795092037
-0.1843377466070003
-0.03795891108327831
-0.09876242815878966
0.5853541016133303
0.007396419662424325
0.5980895415965137
-0.5838949832365444
0.27015556484953596
0.2504744434994093
0.029302309159233264
-0.4385817937986787
-0.14679972538107378
0.23733398881865386
-0.3225962583227341
0.33061986630636975
-0.6237727090955962
-0.28054906820799363
0.3355421904767968
0.35526745732275344
0.41878152315876616
-0.34763358745926254
0.6336048630564806
-0.3042032534913046
0.4061234472642625
0.11451695399584128
0.1895850649559656
0.7257535920674854
-0.3666665503277752
-0.03310395946657385
-0.03338374627679175
0.29930863338079816
-0.15331719985378733
0.49172402279291694
0.022987394323883636
-0.30272701243954026
-0.6716280449154968
-0.4025293800945484
-0.4003774639418608
0.15947635212800648
0.24300988156645387
0.8597602987490665
-0.3158261223571597
0.3454308523907743
0.5501145123471869
0.6056940754241187
0.36568558326296774
0.4332259173030235
0.7380209503980519
0.5588258454754071
0.5613180317007678
-0.4189085422429968
-0.3727212036455684
-0.565577717830375
0.36960179939854587
0.12833292477740965
0.13312111434175855
0.8936706824253342
-0.12247674075258197
0.3915912699503674
-0.1462212389954426
0.10301765703992238
0.5888648086444299
0.48102367632402965
-0.09301237848627975
-0.2626733949758513
0.3688465041301763
-0.18870508666860153
-0.6226056287413203
0.5877243371876286
-0.8173314700466953
-0.0951849134120969
0.11769635272597578
0.5172948211816197
0.8534546657908368
-0.26895237065255206
0.517396054659963
0.21182975960865047
0.835801714947157
0.6114995759139239
0.07601211035184852
-0.04282542317359406
-0.37540456885219364
0.3335006789763626
0.30941273250979684
-0.47640257090784977
-0.03611697356185717
-0.5398901000469514
0.3693357188391553
-0.11306994878068977
0.47872168394222836
0.11543999229618973
-0.3120950595753206
0.10768312090828269
-0.07629462037728751
-0.11958196765955587
-0.028460771811215757
-0.02556787522825421
-0.2579052682942887
0.40638870440469477
-0.0367705571466338
0.43520137276549864
0.09789368083087546
0.6568077192784778
-0.10362725877297996
-0.116574573459857
0.6575126791287778
0.4244401815894583
0.13161729179766635
-0.04259165223854755
-0.20049675870750217
-0.12391906251919838
-0.1039800823544661
-0.18474231084165693
-0.5994215318558971
0.16893655051205592
-0.38959551752926724
-0.28621810797709857
0.011240502598376834
-0.6619075556840166
-0.2987712955882592
-0.2550481471642887
0.39917635738678925
0.47395869088032616
-0.24204493191265286
0.11404950275051307
-0.15999812969477012
-0.10701689736397135
0.056092199329040415
-0.7858242943069043
0.33612072048558606
0.18512989886858278
-0.4783397074661866
-0.24898747916200048
0.23192407079446165
-0.15016242970181815
0.05024185487903088
0.25333317287360324
-0.00500258242417706
0.7994112875477728
0.4054903558746945
-0.04920614844255544
0.0712719373816404
0.33274594748747344
-0.5548897913121366
0.4786308049397643
0.5284163619915034
0.4528531415875672
-0.044569567739934035
-0.5306631058006497
0.5194185310218535
-0.04244404418391101
0.1396547855377992
0.8776798796443384
-0.5320657882193034
-0.38681250887564234
0.1775266377206539
-0.858926947358854
-0.26238806789002045
0.5424341666611838
-0.18122855079825806
-0.09461648994259342
-0.28141585181363304
-0.0704713931397013
0.6547738498664097
-0.055147890638017505
-0.02947303418366609
0.2580217383003849
0.24994315411202317
0.3912146345244252
-0.45112487862349837
0.2982824610977015
0.47351074822347483
-0.3720246858726919
-0.5355884933140096
-0.4876242809302246
0.20666405734683568
-0.5036842370044078
-0.6014881865033262
0.6404717599576959
0.1487504457901938
-0.7199487259098153
0.4972310425973472
0.389080726503209
-0.10431200198608503
0.5517215725110889
0.64985729517871
-0.3702709193834145
0.1486953150566226
0.6277271770292137
-0.5547469445991507
-0.4579012960484744
0.20902673020812035
0.04398259929376058
-0.010873683209782437
0.8492399138199218
-0.11971577683972079
-0.0893669417403723
-0.6418302543450043
-0.35527379565517636
0.5508306959198204
-0.6767310663744136
0.06772642258418937
0.3824874727779357
-0.015039201389302925
0.05422796649860473
-0.6903586319938521
0.0008116538041358368
0.5686751657077012
0.5348073016661898
-0.3123047822382138
-0.35177289675151
-0.36445610830469233
-0.2202076528866368
0.12692506352947674
-0.7665691679733082
-0.30336080856247405
-0.5035715275854186
0.12635174744160071
0.3814065592686944
-0.16579296719796577
-0.055543410042936725
-0.07143001603524823
-0.11601306971481651
-0.5810774631627806
-0.5335445857241137
-0.46668177179781123
-0.1424984831322179
0.6666788155749455
0.26578999209439536
0.2511585653949753
0.3767768422277529
-0.5294330704817803
0.4505568084401097
0.3548776799184128
0.034418670829945874
-0.5216899360952617
-0.18961558324728245
0.21753371845867742
-0.8711564502265473
-0.593848032917972
0.07056380972748055
-0.36604451292378226
0.3737401184841378
0.1909813806422047
-0.18871273876540418
0.3248073134936078
0.3920319639013905
-0.2583811643986076
-0.5583464468809043
-0.6713734508026623
0.006235378921366941
0.4140974327092728
-0.2480559837920635
-0.3649907134400101
-0.16795672625691505
-0.4953298004702049
-0.014922347076087195
-0.45047113882886447
0.07964882240209903
-0.7048842231428659
-0.007455953531403714
-0.25863934992148796
-0.08448747636390908
0.5987615541099038
-0.18938631885347978
0.5021909264610795
-0.6269797979902125
-0.6958319304128053
-0.3078281736455305
-0.11100239686336699
0.25198323352928
-0.21016405091847723
-0.09724733680589448
-0.4159544000977805
0.7600641913993469
-0.4779805447323938
0.30976958778672303
0.15591056046588125
0.1307135484889992
0.11304217611269651
0.8452196067762492
-0.3038789935041284
0.27392401723172277
-0.2262858142720846
-0.1624732231320195
-0.08402796388924749
-0.17928336085090868
0.8039210136317028
0.035673035721698776
-0.14581515640237386
0.056542322632938014
0.3811925318625775
0.7152454507111008
0.6073017057262167
-0.15474474298097607
0.2012896356790863
-0.052930206331586405
0.4641619785858284
-0.07038163222628524
-0.24029138697724706
-0.49552725804915054
-0.01146055037035143
0.14061223328032169
-0.567749839020305
0.11418911482978178
0.22401748189554693
-0.6614853610006167
-0.6929262589412709
-0.11587639937323446
-0.3051530466447615
-0.14907668261381612
-0.5649547216807704
-0.26144513530002644
0.49641115730404684
-0.5429937354401408
0.05159256225277131
-0.15232160953344842
0.011964953486673924
0.37192513046354003
0.1618853096428865
-0.12320786950938678
-0.19542923159142245
-0.18396077295877888
-0.24209957797871184
-0.7084421471595359
-0.1541890484920856
-0.09075640678005126
-0.6351574234319467
-0.10018999913714943
-0.5933248598504791
0.08685788969164276
0.22865210992446938
-0.7626768956227037
-0.22251193571551564
-0.005154207997304483
-0.596604481082857
-0.04976617873626166
-0.3153802184496256
-0.07766658632799661
-0.5298523498128503
-0.5145021659261028
-0.44779816786646376
-0.2860168747934366
-0.6711311298715658
0.4591252672950683
0.23377106041886186
0.013016778371327531
0.7674696961810548
-0.5381437101016876
0.29793291217126017
0.09075258333427993
-0.047928462506813485
-0.019597887215331622
-0.6958417504869211
0.5215927935164308
-0.12824748348369497
0.3133273154415108
-0.6675895214238369
-0.15568853076973654
0.16624956826510395
-0.7849189883988223
-0.4789723200687438
0.5094612337323685
-0.1389449906900554
0.241227556524658
0.6401189979503927
-0.11293884597377424
-0.6660450401602521
0.7937961830473492
0.007076455482402544
-0.05043467296367088
0.1704214316787347
-0.22342567200971397
-0.5906792415023355
-0.045185679205758
0.5491243165061208
-0.07501267307969417
0.47747371662613514
0.5694665655002233
0.00875877875298503
0.36395569274653417
0.41681257011186834
0.22494027522292281
-0.18250672719007321
-0.11704472831194834
0.5429543727588639
-0.1290264637392179
0.23565793286898962
0.25075619670606075
-0.2866898259846262
0.3665009243766555
0.3095422265576637
-0.01913465862486219
-0.29508318366557396
-0.48291348460836914
-0.45454963751822697
-0.18485993452711802
0.1414226588502907
-0.1399827462745138
-0.3911522221215429
0.16442272914619727
-0.13918172009047214
-0.8291539095565613
-0.11113376261550956
-0.15774392442987561
-0.5249476668087332
