4
27
27
18
9
-0.24487980086366168
0.2699902398571963
-0.4477028810616398
0.29763235878713945
-0.17573451029591547
0.015587792282236279
-0.3066837982374696
-0.13196771338420576
-0.1635516604555357
-0.20720218510539645
0.13194708815603318
0.10852236784508973
0.3674394692949239
-0.3393350927118891
-0.18172819447870014
0.18997800164248257
-0.4859377960532698
-0.2786304723621835
0.06943049841186522
-0.7513781257298233
-0.4387911168356865
0.3084920387587258
0.08321853950298275
0.2841038903924398
-0.19346199910249384
0.731434424820347
0.2257011779092335
0.03400722302656067
0.13534889001813388
0.029224645669484683
0.42132899097082577
-0.10268796041307349
-0.504893915518771
0.827473878261173
0.0738398788554342
-0.5494364594876701
-0.37271557349375894
-0.15037390718812482
-0.4365945292004534
-0.15910134532703335
-0.9151319647751723
-0.04785245643124991
0.33885208804785094
0.2890655110277094
-0.04813569117061489
0.26210398067492124
0.18771384555287707
-0.2814637983481929
-0.5126778187580219
0.7627278460796307
0.06187528625538197
0.6724117318758251
-0.4506213926649105
-0.03724782399952464
0.778700586243521
-0.24749923712466526
0.6363435779175761
-0.67197486947073
-0.26968813571329764
-0.22852965334046116
-0.6684198715748487
-0.15981998836185485
-0.11021459297314862
-0.10181934712542717
0.08828224845452515
0.24798977790624166
-0.6872660887548855
-0.2806090884359852
-0.2140047740570874
-0.15247294846543413
-0.24104709654256873
0.3992269187938473
-0.4298696343993048
0.36960072465780813
-0.7900573652071899
-0.6064997029529303
0.5449683710278195
0.37773759213130575
0.18418372928098625
-0.01463850777758613
-0.045913191393276764
-0.5824502757379609
-0.1472982857687143
0.2496324715720748
-0.12013783852202131
-0.12128443381436615
0.6172006063272468
0.5943605321914696
0.06456660594921027
-0.15408179522461307
0.2587427124150583
-0.16191717467533828
-0.7294933994552768
-0.10250187297294067
0.45441253335252085
-0.40451586186015676
-0.6481606067368193
-0.05424897368837456
0.8231115081747085
0.372530267617623
-0.49993962903150735
0.029157237931592972
-0.17430163887413053
0.1216865811288157
-0.679545072447958
0.4282406284449376
-0.18446522876845806
0.07371107894131201
0.21160136757227987
0.8643965343605804
0.5573479437560185
-0.08284258765701147
-0.7111369926052438
0.19616547669495832
-0.6151039399762639
0.12300647642040641
0.06406063769819204
0.5629039098293775
0.7740942241620381
-0.5749238011056641
0.4797242043852732
-0.277506637299505
0.2881451495658214
0.3665644597199962
-0.43480069743829863
0.3404334124368156
-0.031069294214451926
-0.31237283842393426
-0.26822816356589696
0.2856830050688781
0.20683134221044575
0.28786614025880297
0.26289476477807305
0.21471817372539892
-0.14514730924407226
0.5503597045410928
-0.738352371254896
0.249050933010466
-0.3218037266262135
-0.5762364145656962
0.16447165935240293
-0.23523795545465642
-0.09307395364011783
-0.12960913834983434
0.2214661801693425
0.4337149631178947
0.537118064339599
0.2244445570953526
0.06087366446327036
0.3921628086733042
0.7722119126579217
-0.13385213990172729
0.4503086703396648
-0.16337145874288217
0.446522453575386
0.1605013312169259
0.10501953835412081
0.05608428605374138
-0.8601233497944273
0.13160636705588025
-0.31431335701605334
-0.416102135761225
-0.2316572723129725
-0.7643310491845626
-0.11281120039531967
-0.41880405192416326
0.5494171838941337
0.8479996174011055
0.005974116495967685
-0.14431125793054556
0.11455170423707695
0.0582598465047397
0.4775380563684719
0.06560487391221725
-0.3145604019747321
0.09297510206733794
-0.14584047428703661
-0.1336235063025517
-0.028650749516891727
0.24799962874070336
0.29236975353549766
0.15580742097638245
-0.5590932288361542
0.08370864900906971
0.5465641700236841
0.7394579856004557
-0.06462753438027746
0.3352557866727537
-0.16305779312115765
-0.37568545890559946
0.42380810045111295
-0.6368389060750067
-0.44918032239566075
-0.14995536831546308
0.2747400178546826
0.11440948680694385
-0.512743566917725
0.26652368051340014
0.23210127498097854
0.6097866968046617
-0.028710703019251937
-0.30457063993435474
0.8735533251996408
0.832465551216423
0.5783575668156071
0.25237461736905686
0.09483590752848192
0.06234185675481818
-0.3082307850351115
0.19215438179457145
0.11397143195247317
-0.6683647319658655
0.33613509052567525
-0.4386554947383897
-0.26486285103295526
-0.051653566071004464
-0.20273328182191674
0.65556080025694
0.49135242556167147
0.7664477462644612
-0.1726385526943559
-0.7819876374875654
-0.21453805195859588
-0.8881853556261197
-0.21345800618669786
0.2978177663960855
0.031390553273893396
0.01366533498215805
0.4401466127581686
-0.33058661694606417
0.07165781481166356
0.2647780589108475
0.4683905615051367
-0.44236350452538076
-0.2623359761148212
-0.12341399933482344
-0.07600302308695828
0.12855644023545887
0.0737161862016944
0.1683131579204007
-0.16299547033126294
0.5759814497939963
-0.21426084017739289
0.6260481328081151
-0.17827800957396367
-0.33481089385830476
-0.0007074893183143249
0.35378792018165406
-0.029619073622315528
0.10560849974420261
-0.30677038575714743
-0.5277195207121321
-0.5516526505473587
-0.7802989624648261
0.013029443255835105
0.739372479515253
-0.08901133129370531
0.1575881607628653
0.481674143342504
0.19495896665280288
0.325198962022071
0.20352381595689506
-0.24796054724388017
0.5221992491678991
0.40825740432613156
-0.28723546282540424
0.006814722957302788
-0.12376426014661379
-0.3127730197740892
0.11863666068906298
0.2950573725436918
0.5527949028958652
0.741536458708683
0.3644359163141129
-0.41645076273931547
-0.185823086818118
-0.7893159371156437
-0.2799481823535622
0.8285669039961627
0.2391135023256976
-0.47256827369710785
0.07658834305600504
0.6062366377716537
-0.47198000856027167
-0.020097493130769473
-0.10307824243268982
-0.21125757015473945
-0.0944106257849231
-0.18316749540673405
0.20578511285865986
-0.7023466981805406
0.5621165555045042
-0.6784904319147175
0.6675824601688372
-0.2623693236763939
-0.4274577356317376
0.4980150967006207
0.14986814525510184
0.4745918840165091
0.34476867088475327
-0.6468142026113366
0.49061290866361684
0.7712334364169893
0.26656355255285336
-0.1875526364917257
-0.5120214756263841
-0.789976172509357
-0.2953793097784836
-0.3074982386360745
-0.14752350866426245
0.5094796912657622
-0.24403645349144387
0.5714768625762878
-0.13189208051403145
0.6631502829531979
0.7418810013870403
-0.20188077732261767
0.11187836600418333
0.8836476220430041
-0.8607632444325679
-0.06871550429786766
0.05337251226786166
-0.7772942875378943
-0.5993364850774511
0.051009314749347334
-0.6202608787186731
-0.6174957550277667
0.26771922991124875
0.8097373106202785
0.4895026368931601
-0.009560593911155713
-0.41815573032739206
0.2469151210963365
0.5238771164512399
-0.5713989365036369
-0.09684338295726946
-0.009502019091923386
0.1414037583206582
-0.812233648465839
0.3366948270579879
0.04878203262721481
0.282593925606498
0.6181398272727456
-0.22276476168022774
0.3416269880416143
0.45207240572552987
0.3024691525077894
-0.06750608850438566
-0.7656322108627572
-0.49467475358064283
0.5302820602508183
0.1652557771338441
-0.6738291729438848
-0.05210931842497735
0.049760451568462205
0.04930270803021375
0.6908963662750391
-0.030562127136824824
-0.619440015121303
-0.3267000946696912
-0.4432016635729783
0.4870646973997568
0.07120041539200139
0.3044587328241215
-0.020963052338022536
0.12496273877984398
0.20981933541421216
0.4169375290568529
-0.4113536149360353
0.4152259940937122
-0.4233780889325657
0.010638322255548172
0.2694342481483136
-0.5759714716364281
-0.15565403169897485
-0.14582312721644985
-0.040787633283036695
-0.5757994709443398
-0.36985018429895267
0.09382569287109499
-0.5444105479820538
-0.43204353662831574
0.2846551679559193
-0.8548025139127851
0.6174429468336635
0.48797190276660163
0.5290184630639057
0.4346834231486567
-0.08353654288879775
-0.5047603829693696
0.2564990904270097
0.04689657700614824
-0.011961725663115597
0.060886937878617875
-0.7390979715345258
-0.025233445553380363
0.20920970670122752
0.2828763600666906
0.8120856452828704
-0.4317235504425767
0.112762961633732
-0.12593080485107266
0.39045055903248893
-0.49927435759524597
0.13700162999155108
0.6897999475822048
-0.05496681810537474
-0.018119004247343362
-0.22917678331909197
-0.19279650332406972
-0.39109298449170093
0.260922457596964
0.01992738891285528
-0.7017963506279962
-0.009495394429141157
0.02942353088643368
0.42278123555421354
0.5060546492692968
0.360558626139563
0.19378023308081227
-0.07056911840527968
0.05386665709586702
-0.008566017493578992
0.31842153325214717
0.18329288040552028
-0.1553738111762204
0.11009234718191419
-8.94081661251267e-06
0.6714409522653224
-0.6061580383392152
-0.14232408335436897
-0.625741337628916
0.7235654784688768
0.7813760169701238
-0.8181658904650535
0.11854555091351893
0.31488813931029025
0.9490803698008703
-0.5969095764810624
0.35320949544048696
0.36355004477156294
0.835624887012937
0.15069808186045597
-0.8063260804469728
-0.4564360637241047
0.05583272098066394
-0.2985012528722172
0.03444490461347627
-0.16075781715409465
0.05596563367384744
0.45035852138351395
0.4504086021047744
0.4587965077390763
0.48421634546608683
-0.6075730327402674
0.0028746921812481396
-0.5106178159302628
-0.12694455818197015
-0.5430440678526532
0.16573462498491676
0.11289629087331599
-0.32388194000466464
-0.7130227785208129
0.4607114183289034
-0.6315316093517247
0.30951625397571547
0.2440141556007176
0.012303364223930968
-0.36265906931414527
0.10265971470612456
0.29171587205377403
0.2132622692343955
0.7054315314027546
-0.14610912507277363
-0.16314549433415737
0.3352324924540371
-0.21351657627665532
0.6781501015274745
-0.28511571647094536
-0.2926653341571026
0.830461084758856
-0.33060280111927065
-0.258913925919091
-0.01485256955769021
0.8433568189238629
-0.11534386111643635
0.00040535984629430644
-0.11280153197270582
0.3274506499229748
-0.31145797054852087
0.16858745409034226
-0.8585758639518111
-0.3270641219762629
-0.17827718312461538
-0.38805228497519206
0.1192636155545661
0.11364373282573359
0.11523188096437864
0.07766541509332914
0.37655908921487025
-0.04433513597358374
-0.44512792298861104
-0.3770492851618483
0.13530216064458722
0.13055517545742035
-0.0652391759499018
0.21999022474992636
-0.5599559028232803
0.34769167487642916
-0.01562279229443797
0.8906668604243726
-0.17006652694346613
-0.3815695537266496
0.410520253535255
-0.4651804568561738
0.43007290945999865
-0.500827864837197
0.07066198873684715
0.31857355489023
-0.5650412035962561
-0.38634512111152686
-0.3369525699484113
-0.3737665922560228
-0.15684560061708686
0.33248971291159
-0.48182152809360046
-0.24244128040118185
0.19990300765648428
-0.19937955477451808
0.21700171520156641
-0.7310449868960178
-0.07952823628492078
-0.4308600145695697
-0.040052677488758404
-0.3290031731069025
-0.8726220717908514
0.1616550378261863
0.15466650286192474
-0.212244811240885
-0.6435230281191044
0.08097051657834387
0.2580831782305353
0.4289461516034492
0.06696839997976856
0.15365743478220173
-0.34995133530742106
0.8324991401299908
-0.08530877631260547
-0.9039815778400161
0.05264436931001648
-0.6604628677830524
-0.02245637762948871
0.8077175055798451
-0.11640146288733577
0.20443034703146457
0.7395093267159596
0.11430242122385303
0.4152551823776789
0.5318840756608134
0.06713565900361163
-0.39988964285066075
-0.12607643069240093
0.08712172641677451
-0.37664251170127316
0.2169827838508689
-0.2081980721644775
-0.162058916840232
-0.22252821828804503
-0.4425872129224768
-0.07492835996022906
0.3100955470482005
0.8597771498146014
-0.7421209595720556
0.611794235902666
0.6740224738046501
-0.03308462887292496
0.48568338368824326
0.49659974553778374
0.3453184298920329
0.30965437957613684
0.8035053180893361
0.5675333380376566
-0.4719841201893967
0.0021645425661085405
0.23518471028656318
-0.2026880841406693
0.4678272837408397
-0.07323366628289962
0.6880777528070199
0.5940528684726962
-0.004336831782879802
-0.029597366528129387
0.16212032666288856
0.6736968173162694
0.6499883762036078
0.3351213223942271
0.4428861660750143
0.32821914503992744
0.05368822842520293
0.33771720641499137
-0.1256454013637438
-0.7176684745388442
-0.6833707693724154
0.012257419676029002
-0.4142685381464055
0.015464011597030147
-0.23954685319144364
-0.24241397901911066
0.05116869418692915
0.18035227232639217
-0.015156821382195429
-0.12027970727493309
0.0470147374263048
0.6255199274063112
-0.8414174763924328
0.010459006427242512
-0.23324261761541099
0.21017667692844677
-0.6458678852711697
0.384491131621965
0.023875825342977386
-0.6350650215802353
0.4997650488786025
-0.30656853742119505
0.788461332381498
0.3210325226968569
-0.35731490425127443
-0.5351724716738051
0.49425867814388025
-0.27835766707567444
-0.6940395525507616
0.6599787173584879
0.575498767033146
-0.3082040397992909
-0.0021913263296976515
0.47139791305455536
0.12708279977500792
0.2849420530406337
0.30768563797169124
0.5552826700550719
0.8493190866383578
-0.44644870856637386
0.07284257121836535
-0.1901862809459749
-0.06230487486448033
-0.1444983970905085
-0.5168806115748568
-0.16029496460214765
-0.16444845349942316
0.01799096719903681
0.11497512944337007
0.27057673049171926
-0.37560067546950693
-0.7627305346275215
-0.6125584504134332
-0.0242455043508234
0.09184716479578858
0.9458578711477439
-0.6214931741252189
-0.28606601593220915
0.6747908030368674
-0.08432305541982155
0.4813919514298768
0.31854113902332415
0.251982302099798
0.669430994491401
0.6657690518864687
-0.2975167192200815
0.531083132744889
-0.5143357981112587
-0.10123834004505528
0.45619371926340513
-0.11551454461859267
0.2948144552465235
0.3232158553915121
-0.03239407349087209
-0.25611704180244665
-0.28866098224084036
0.240778743794829
0.01838663702103327
-0.5342547609520426
0.013188607099634542
0.22887598057808667
-0.013088243379464903
0.42142783075750323
0.5251735057724898
-0.14938045181293613
0.3045355877399909
-0.5334437651891805
0.17808478174304554
0.21327669916452896
0.3984165538783426
0.20695554729214094
0.658346829787501
0.6455764850139496
-0.47828989313150205
-0.30240427717092133
0.6074707348464674
0.10462834546292465
0.31511133717689854
-0.24021543250655386
-0.2193673535552283
-0.06733559248428256
0.042715789104415425
-0.7116404558643584
0.004819064483195579
0.6703316756927271
-0.010230912335003839
0.5066662667023933
0.5716072661235005
0.46017659471370376
0.7733382308612256
0.7145029531307299
-0.45602173915509625
0.4475691910519197
-0.5467326836001045
0.489154437547874
0.09292799515072736
-0.04216583605694213
-0.16354219925053026
0.5636444283271707
0.002679534052436594
-0.24595409731693563
-0.25931598820346957
0.12285704923225138
-0.3200028720299273
-0.2247870434559729
0.3247930509095558
-0.09272297755614811
-0.35926298625791286
-0.2314188527128196
-0.6521947089205183
0.2847962257383827
-0.3139850290475048
0.23148443769210636
0.2237701499746474
0.3421364147272543
0.9245978373548371
-0.346500291171304
-0.311711951456192
-0.3880530736025305
0.058218111365073044
0.27968317825885824
-0.41277703430313895
0.5191697211850925
0.8026514006624996
0.14098682144454933
0.5045485828088172
0.12379926496450877
0.0212379783826393
0.1319617592907032
0.4945350518146405
-0.07185139948916286
0.41022585585356497
-0.08693608316054069
-0.506442391481389
0.19155563195120107
-0.13186763881269137
-0.8506142793369326
0.47724187331268886
-0.5477056460815188
0.16564498027527952
0.47259409953774245
-0.2112345347170962
-0.628568528656244
-0.161823337745314
-0.22450213499609162
0.5977416936354074
0.6022331929096065
0.08912506583105095
0.6567311663640141
-0.36727221713435965
0.41767645494996364
0.546902779565432
0.352295692971061
0.39860383361266605
0.4978169723652397
-0.2301031182933172
-0.18292232777278783
0.34762982081314897
-0.41431360033529696
0.2738061673798704
-0.05080192504429892
-0.11902265344026353
0.3937060446306213
-0.2854421304175966
-0.36953568385339974
0.30759635595972634
-0.023438249229374652
-0.6041739181211347
-0.1410588786527628
0.27791730512162793
-0.7483963944825119
0.18180461786766466
0.11388237058622064
0.631294417784453
0.5188222472594872
0.07245654054736272
-0.4425541311861063
-0.21828628028594232
0.10726565234556817
-0.11344664454432152
0.41816609619913736
0.24785198216769033
-0.02548977631255045
0.37354778110231623
0.7143609537112954
0.5644129260795456
-0.049314516098508565
0.02183956952839461
0.2927699168780302
-0.6673771872100448
0.821786565297447
0.5079210947756758
0.48315293492947564
0.19883526917860772
0.15839169318122215
-0.37426909556522325
0.5494779225505872
-0.13298698972399348
-0.4116162292337454
-0.46321469248276226
0.7076431930877412
0.02869066949869259
-0.6194915590359162
-0.08620826961570305
-0.4606917722985665
0.4622731900684982
0.06351772726875904
0.33634259577535985
0.1504332248171083
0.3389469019368465
-0.055078917765839175
0.25172036908120776
-0.013562198789563218
0.012235495638629912
0.5772030389646388
-0.34842557986186407
0.46673551769186017
0.15275771321673393
-0.094720644634682
0.01604014422255018
-0.15977334054390002
0.8905421963540725
0.20149439158049853
0.2690114835253088
0.11559007474950933
0.7229054443241298
0.42977794241365075
-0.6116177383879695
0.35239137309157886
0.0238155518438381
-0.5058265804794211
0.40210265216166663
0.2645355777786522
-0.07482869460563102
0.6356357971212885
-0.370542548798211
-0.1551384144231288
0.001149048793077645
-0.4913908609570308
0.31348474956510564
0.07907580954658622
-0.5129902906520559
-0.05437447724587152
-0.27057448035059306
-0.18116453756622297
0.7091002954260197
0.2110727088446276
-0.3786594224532669
0.22732049220981176
0.29369337737931467
-0.27991996754126114
0.07255271809405417
-0.3522718841945668
0.391803944939328
0.42198080624367407
0.15611893756602568
-0.2981755493443117
-0.5884585997122261
0.31959989690000024
-0.15324490773409083
0.24860530508109457
0.27879009873968474
-0.9050191572227525
-0.3186974984947928
0.19663028053866705
-0.2104738689309027
0.6248574636817321
-0.4439988716600608
0.018643346625000667
0.11294729008551974
0.5342084754435212
0.08489367403713777
-0.5955588118638325
-0.3193436490236835
0.214294665254823
-0.14191997729947703
0.21372357018405053
-0.7442991808946795
-0.521051710300239
0.7804546562811416
-0.5075316960216247
0.5876348247436782
0.3922706563501088
0.3042309661932179
0.9157008676355789
-0.06386126244639934
-0.17524072742816355
-0.5176266229610409
-0.4701386056917679
0.14693481503316397
-0.23206612428649542
0.09500914972173469
-0.1264557614886901
0.0540221186605383
-0.5642852067642742
0.20576250697768605
0.46943726052777235
-0.10004948919241508
0.026490214859525185
0.33315112108643996
0.0664335715153106
-0.6953762058086537
-0.2880190278793806
-0.20414714056974792
0.805578647469662
-0.046837109590210035
-0.20124310947534574
0.6394957990926828
0.3894026414412639
-0.11018449611804404
0.3282058651764137
-0.1167061393511113
0.022869580649131027
-0.477578552056537
0.18659355125666677
0.21310986838343005
0.3827059142412861
-0.15518007625934327
0.3375402329730175
-0.5105720967003857
-0.08002051039822766
-0.6313933255719604
0.5865455034667466
-0.6709958445564037
-0.14230202217911914
0.4783991077870433
-0.34394462828437
-0.2578780385258288
0.6448335003426422
0.6471067953048473
0.638731970897783
-0.411279417505951
-0.057418939042931494
-0.6190228039196322
-0.344799759669162
0.25469262592139863
0.03700643219293953
0.7611867480378236
0.08890046751073788
-0.1820180006880131
0.19084298180460113
0.3935884774275342
0.198664375052517
-0.3054791287948795
-0.9234982835001545
-0.009778147509175383
0.631639118742578
-0.09955389867000564
0.8314647122897374
0.2627567197717302
-0.6833883228475658
0.43705240823892266
-0.12721922964967025
0.43556318651712855
0.6751573822407946
0.6002943910412981
-0.25440711602709865
0.2895479805847192
-0.03505643615873333
0.375243176830625
-0.3988319861871841
0.2535889905678017
-0.7263680861012051
-0.26782558766664477
0.22068753811701436
-0.18356613525604049
0.47998221340652236
0.01516907980698079
-0.7696205383387802
0.7898076773196765
-0.3676521508597759
-0.5236678601343828
-0.009467172229245535
-0.23238073538669846
0.5162110048861852
0.11230236361788881
0.5831582139494629
0.014059340690154798
-0.0684489179661728
0.07800977687722144
0.5195304001563066
0.3420235269729637
-0.24988256523651886
-0.7668811045760678
0.09727147417823856
-0.4104562224430951
-0.35516649147899537
-0.0999604473583462
-0.07674024143869351
-0.05253057137906825
0.16469403037156027
0.15132139057547112
-0.7277959620256166
0.38296150465930867
0.08263700728350054
0.3991043339007514
0.04054570252104428
-0.10675669616947547
-0.030879965735960746
-0.5928803606990143
0.25206566170067
0.5955529310656527
0.02407994372821909
-0.5058866359301605
0.06875673352995282
-0.5029373770116032
0.7200730739292065
0.5975685443696586
-0.12444013431829504
-0.032547397283092305
-0.3650257936733947
0.22144729783453876
-0.5331666189361228
0.42448365452942083
0.5327242830802934
0.8615132249442892
0.14283168810740143
0.20377690370519508
-0.5021534008290688
0.056351826132566174
-0.1523421917026062
0.5510236587986923
-0.46393093832953336
-0.9294590882670504
0.1192514985451989
-0.07995613070745411
-0.19259276307157913
-0.8231993502364728
-0.2743212096117247
0.0045016768441792365
-0.17336504757061233
0.07723199306703998
-0.3509202705139146
-0.2762217645493775
0.12734178020668008
0.8685305727857231
-0.03867494535896843
-0.712793452812903
0.0946689538101313
0.6101682276557052
-0.551729614570841
0.4526423556874897
0.022768211162432106
-0.7284842840961394
-0.5977134117502723
0.2876987159200848
0.4293515676316928
-0.002400807159825602
-0.09095545368279889
-0.09617256875392499
-0.6061077149401639
0.06178555928924556
0.6040134613741217
-0.3021930389071218
-0.0690196789344707
0.21214835722966674
-0.0038764637376174083
0.26952136620582845
-0.1429881849098129
-0.08674239998555544
0.11271044767042238
-0.004400063380331276
-0.4244269454398132
0.19791366906244034
-0.22616187511573327
-0.32903774630568416
-0.5579901523185755
0.0035106598565972646
-0.40267923104595527
-0.23534472173331034
0.2617432112429747
0.39706691792860127
0.12091777802980408
0.388845652080291
-0.34060005969846296
-0.37036451658935043
0.35205946516608866
0.6563409452510918
0.69839007576984
0.7979908234116901
-0.013585359900228688
0.5066271717229329
-0.559031908859303
-0.2572025853782137
0.5282578596721059
-0.13021457876039277
-0.5089671681958622
0.3463280441105179
0.03957523833811272
0.532167456741506
-0.394850983245173
-0.08748919963305402
-0.9158083078684107
0.5830669535237014
-0.6288805154136126
-0.026380016951758956
-0.22307821092688496
-0.44264948607917554
0.2837165200768281
0.8044752148700358
0.6202894615889807
-0.16340644059256237
-0.12842543673121998
-0.7678131248344009
0.5903048058531386
0.822748733671862
0.3821774279894432
-0.8319138182553221
-0.41789675151777694
-0.3898074134313728
-0.6976102156996227
0.12714381257700236
0.23706008375594534
-0.5313553598219284
-0.17629344156476845
-0.2747430035908063
-0.014113474302126394
-0.6200680083236245
0.8789661028523028
0.2827526524339179
-0.2745929916211861
0.1918865376187331
-0.487350519293241
0.29177153694894464
0.15759115721043093
-0.0017872478734531905
-0.7666694384191914
0.6507334270170451
0.3303286713071947
0.22763928798924526
-0.01728373856679577
-0.2880135717109019
-0.24668568075765762
0.5910699083082891
0.5429230965670657
-0.040348554720794017
0.8591009538793857
0.3323595000179589
0.06169429764578105
0.06834581766334047
-0.6157432332277588
-0.42040960318016796
0.12504515757982815
-0.052495993108262806
-0.17556120914537232
0.25863320528897904
0.35258691561884303
0.010461203368533845
0.3761351915058966
0.10250185754768548
0.20216003708484753
0.1768689375911463
-0.3437412860870702
0.3211628717344701
0.475094840527865
0.4775391462872389
0.30919795218593404
-0.24630657680852974
-0.4608699351988784
-0.821815208698407
-0.2264350946381768
0.5986839802653672
0.11464104436136102
0.344675929085013
-0.03272866292319854
-0.2947518124736632
0.3796714775960084
0.4427010644916334
0.20434935989195724
0.29134491877869184
0.6513669103620332
-0.6715524460153041
0.08375878785919477
-0.6446147440315706
0.27328978855666186
0.010545605170858785
-0.03166360473055363
0.12170915850884323
-0.057799937491112674
-0.0672797830237496
-0.5664619147340865
-0.3624143857460319
0.2998533697325989
-0.761807106554383
-0.4252734085579407
0.01725946842292192
-0.30083209872937644
-0.2900438377462611
-0.32606428260849896
-0.3997621910026923
-0.0009471144520929453
-0.7303669850034861
-0.10512121174396793
-0.3878517676240143
-0.0816122693140876
0.3519345789883759
-0.04020538905849946
-0.7519094916186553
-0.4552203650977278
0.6561724637792961
0.09208182313690338
-0.6840579062315435
0.21708434456189218
-0.2002172222438653
-0.08698890836840256
0.12741710933539374
-0.03808186157371396
0.39941789945668216
0.07532488169971163
-0.6904667874088005
0.08221470417763
-0.5213978733163682
0.38569030185883046
-0.07900682342047372
0.5545803801309206
0.25652667491594805
0.14803664407204775
-0.22530255558297707
-0.30014852463670705
0.16523818238878873
-0.0464879407485449
0.6764193607574727
-0.5531182833739948
-0.0790278670852832
0.6125823083701132
0.005305935553619356
0.42647237325049314
0.7188986056691116
-0.36277850210025153
0.5527388709411123
0.2044960548569037
-0.0218493921126085
0.7708871473752326
-0.20641837186514256
0.031201595193946163
0.12359438560557368
0.10381858381502962
-0.30941919917025795
0.06258579021917354
0.013291389845969448
-0.111691220115263
0.4306031396676744
-0.2294417687564868
-0.11921862725915544
-0.0535625740117005
-0.4828945509260083
0.9314072953905486
0.15834106327602449
0.01804974935554493
-0.3271763094735276
0.10613118716290848
0.29789316564659307
0.14254816885559496
-0.04981411889927445
-0.5858422449263982
0.11373024853379166
0.056484018554523896
0.10659591720522554
0.5117366838119592
-0.5791091162853784
-0.7139315598952987
-0.1095552730480236
0.14618045171834448
-0.08532723997051961
-0.24748672041505826
-0.7194087903668357
-0.014295599278068005
0.7524174207675436
-0.29333122620731333
0.48122938773498225
-0.558272633841888
-0.4875196905277478
-0.030005801405196153
0.11322471664070255
-0.49857542957484846
0.13249874525248861
0.3255266782210948
0.3709622442890592
-0.028350998040588382
0.4987789378164862
0.3077811111733928
0.2799270370623601
0.12415518769166023
-0.26706042316265866
-0.9363435185767353
0.6837274582729478
-0.32976564089015636
0.7051411363645208
0.3934431765343256
0.30853504004633137
-0.03969921096009699
-0.20987548625408303
-0.2886663862469945
0.09660048112015285
0.01546763779214011
-0.7252399812311516
0.6152152871413561
-0.3868367788678563
0.10455020133555148
-0.1473887398177698
0.6107489280719127
-0.3752219536665091
0.4111924572750474
0.4826853590289133
-0.19847315395371157
0.027058721590140333
0.6490018501643484
-0.06566081958795478
-0.14784359701082794
0.06345296821936297
0.19630930937589852
0.3357893151435545
-0.3208182817315163
-0.09610502119831532
0.12444201546548683
-0.31360571421291816
-0.08819575472923469
-0.4176138474974763
0.16757392975270213
-0.2098201801473608
0.24832198306054787
-0.030040223860103632
0.5602755927722278
-0.30906711482577076
-0.4904750642555833
-0.235203182360751
-0.19180957480829175
0.27005010739525837
0.6022021948159944
-0.29914059897024636
0.5691363577038224
-0.5760237089946422
0.9295286688996007
0.14275218491242514
0.03721531243426712
0.4541521108354716
0.9188444729207172
0.4820912973696736
-0.4299424373151417
-0.0055940883044660605
0.7786443907576492
0.23704610385431435
-0.25511486332101696
0.11216846711692097
0.3484390393298913
-0.5901863505218004
-0.5536197595193614
-0.2957360982106564
0.017700686167028357
-0.2088623609575211
-0.3821370389441947
-0.09340444723807106
-0.716271717356247
-0.570825336000803
0.4762942582402161
-0.3300760646300771
-0.346341224382676
-0.06451287284822393
0.2664396194496592
-0.27311315944376036
-0.006435419550704702
-0.41532174245193343
0.36467374368732886
-0.5381508752655485
0.5239949718691914
0.7017466023342875
0.01222475907454701
-0.3441861486721024
0.39227951004438255
-0.1970713585931929
0.48515527986743345
-0.13428795908739843
-0.6649128481685733
0.8868175879982734
-0.1101601476951799
0.7501710360521177
0.8477295500774886
0.04810891567488773
0.02355114456308094
0.026816367204618663
0.18222616311152962
-0.20186703151937524
0.19193627919737177
0.6182592531791771
0.609873984037995
-0.17604623341863002
0.06855787574118666
-0.6440185839500548
-0.43826316122792497
0.21735180880307814
0.05115451655465075
-0.056915606919874295
-0.1413812730495534
-0.3871940008793918
-0.010927122032564629
-0.6361155416345625
-0.6194775528190676
-0.6021326571031922
0.17953647996734423
0.38573899091544006
-0.6247409236590783
0.35434996169414745
-0.6533746047276554
-0.0666721963182586
-0.06709190105071772
0.4994559664152305
0.4441879168598464
0.5480754959011986
-0.804811658983992
