4
9
18
18
9
-0.9125960250559727
-0.9125960250559814
-0.9125960250560363
-0.9125960250559761
-0.9125960250559683
0.9125960250559825
0.9125960250559209
0.9125960250559837
-0.9125960250559663
0.9125960250559909
0.9125960250559558
-0.9125960250559958
-0.9125960250559922
-0.9125960250559871
0.912596025055988
0.9125960250559486
0.9125960250561055
-0.9125960250559899
0.7910399492607441
0.7910399492607599
0.7910399492608436
0.79103994926075
0.7910399492607372
-0.7910399492607589
-0.7910399492606633
-0.7910399492607618
0.791039949260738
-0.7910399492607723
-0.7910399492607204
0.7910399492607774
0.7910399492607755
0.7910399492607667
-0.7910399492607673
-0.7910399492607063
-0.7910399492609593
0.7910399492607668
0.8697502561478427
0.8697502561478414
0.8697502561478354
0.8697502561478417
0.8697502561478426
-0.8697502561478405
-0.8697502561478488
-0.8697502561478407
0.8697502561478427
-0.8697502561478421
-0.8697502561478436
0.8697502561478401
0.8697502561478399
0.869750256147842
-0.8697502561478414
-0.8697502561478447
-0.8697502561478272
0.869750256147842
0.1757512107213236
0.1757512107186771
0.17575121068376862
0.17575121071838834
0.17575121072348632
-0.17575121071645844
-0.1757512107527645
-0.17575121071585106
0.17575121072530342
-0.17575121071112648
-0.17575121073052344
0.17575121070670935
0.1757512107092876
0.17575121071262614
-0.17575121071245187
-0.17575121073688432
-0.17575121064703264
0.1757512107104369
0.5614513435300327
0.561451343528115
0.5614513435298796
0.5614513435302602
0.5614513435300997
-0.5614513435295014
-0.5614513435294245
-0.5614513435290563
0.5614513435290556
-0.5614513435297651
-0.5614513435297449
0.5614513435306144
0.5614513435298214
0.5614513435302324
-0.5614513435301596
-0.5614513435295218
-0.5614513435262654
0.5614513435311391
0.40364907277249984
0.4036490727731015
0.4036490727728986
0.40364907277252027
0.40364907277249024
-0.4036490727727168
-0.4036490727725433
-0.4036490727727459
0.4036490727727326
-0.4036490727726095
-0.40364907277261314
0.40364907277245377
0.40364907277256407
0.4036490727725355
-0.40364907277263107
-0.4036490727726134
-0.4036490727736477
0.40364907277226825
0.9291130426319462
0.9291130426319479
0.9291130426319549
0.9291130426319479
0.9291130426319458
-0.929113042631948
-0.9291130426319384
-0.929113042631947
0.9291130426319455
-0.9291130426319502
-0.9291130426319447
0.9291130426319519
0.929113042631951
0.9291130426319492
-0.9291130426319493
-0.9291130426319418
-0.9291130426319638
0.92911304263195
0.8014713890744016
0.8014713890744011
0.8014713890744414
0.8014713890744075
0.8014713890744016
-0.8014713890744073
-0.8014713890743701
-0.801471389074406
0.8014713890743963
-0.8014713890744128
-0.8014713890743939
0.8014713890744185
0.801471389074414
0.8014713890744131
-0.8014713890744133
-0.8014713890743876
-0.8014713890744647
0.801471389074418
-0.9399831487980437
-0.9399831487980433
-0.9399831487980378
-0.9399831487980429
-0.9399831487980435
0.939983148798042
0.9399831487980449
0.939983148798042
-0.9399831487980439
0.9399831487980413
0.9399831487980447
-0.9399831487980409
-0.9399831487980406
-0.9399831487980415
0.9399831487980418
0.9399831487980461
0.9399831487980356
-0.9399831487980416
-0.8729761373091586
-0.8729761373091643
-0.8729761373092202
-0.8729761373091631
-0.872976137309154
0.8729761373091655
0.8729761373091061
0.8729761373091667
-0.8729761373091517
0.872976137309175
0.8729761373091419
-0.8729761373091827
-0.8729761373091787
-0.8729761373091717
0.8729761373091719
0.8729761373091305
0.8729761373092892
-0.8729761373091739
-0.8481992852034628
-0.8481992851984131
-0.8481992858375256
0.8481992854206712
0.848199287428627
0.8481992858590073
0.8481992863232602
-0.8481992871445956
0.848199286763984
-0.8481992857536582
-0.8481992862028415
-0.8481992868686364
0.8481992878636797
-0.8481992870062625
0.8481992867481474
-0.8481992869317493
0.8481992856687163
-0.848199287439645
-0.8481992852026962
-0.8481992851976405
-0.8481992858367406
0.8481992854198757
0.8481992874280015
0.8481992858583287
0.8481992863226002
-0.848199287143637
0.8481992867632168
-0.8481992857529672
-0.8481992862019425
-0.8481992868677267
0.8481992878629647
-0.848199287005438
0.8481992867473707
-0.8481992869308687
0.8481992856680025
-0.8481992874386898
-0.84819928519645
-0.8481992851918749
-0.848199285830479
0.8481992854135944
0.8481992874216907
0.8481992858519946
0.8481992863163458
-0.8481992871374406
0.8481992867569278
-0.8481992857467793
-0.8481992861958275
-0.8481992868616056
0.8481992878567661
-0.8481992869991934
0.8481992867410661
-0.8481992869247402
0.8481992856617125
-0.848199287432449
-0.8481992852029054
-0.8481992851980127
-0.848199285837017
0.8481992854200993
0.8481992874281975
0.84819928585849
0.8481992863228336
-0.8481992871441397
0.8481992867634526
-0.8481992857531562
-0.8481992862022879
-0.848199286868073
0.8481992878632374
-0.8481992870057019
0.8481992867476223
-0.8481992869311584
0.8481992856682179
-0.8481992874389567
-0.8481992852038653
-0.8481992851989295
-0.8481992858379515
0.8481992854209717
0.8481992874289912
0.8481992858594037
0.8481992863237979
-0.8481992871450151
0.8481992867644196
-0.8481992857541079
-0.8481992862032339
-0.8481992868690997
0.8481992878640365
-0.8481992870066655
0.8481992867484882
-0.8481992869321026
0.8481992856691936
-0.8481992874399575
0.8481992852024114
0.8481992851978302
0.8481992858364921
-0.8481992854195991
-0.8481992874276394
-0.8481992858580939
-0.8481992863223683
0.8481992871434725
-0.8481992867629669
0.8481992857525689
0.8481992862018388
0.8481992868676831
-0.8481992878627183
0.8481992870053382
-0.8481992867471156
0.8481992869308037
-0.848199285667759
0.8481992874384149
0.8481992852090963
0.848199285204609
0.8481992858433013
-0.8481992854262816
-0.8481992874343669
-0.8481992858647365
-0.8481992863290294
0.848199287150356
-0.8481992867697009
0.8481992857593328
0.8481992862085052
0.8481992868744376
-0.8481992878695223
0.8481992870119639
-0.8481992867538126
0.8481992869373708
-0.8481992856743494
0.8481992874451322
0.8481992852022368
0.8481992851971493
0.8481992858364097
-0.8481992854195217
-0.8481992874275277
-0.8481992858579016
-0.8481992863221017
0.8481992871435251
-0.8481992867629551
0.8481992857525436
0.8481992862017598
0.848199286867517
-0.8481992878624757
0.8481992870049171
-0.8481992867469703
0.8481992869305677
-0.8481992856676132
0.8481992874383893
-0.8481992852040108
-0.8481992851992749
-0.8481992858380277
0.8481992854212398
0.8481992874291421
0.8481992858596625
0.8481992863239625
-0.8481992871452629
0.8481992867644937
-0.8481992857542834
-0.8481992862034401
-0.8481992868692093
0.848199287864383
-0.8481992870067532
0.8481992867486648
-0.8481992869322995
0.8481992856692393
-0.8481992874401667
0.8481992852015354
0.8481992851962754
0.8481992858355832
-0.8481992854186465
-0.8481992874267322
-0.8481992858570859
-0.8481992863215261
0.8481992871426874
-0.8481992867620406
0.8481992857519044
0.848199286200953
0.848199286866825
-0.848199287861748
0.8481992870043281
-0.8481992867461855
0.8481992869297889
-0.8481992856667938
0.8481992874375796
0.8481992852050864
0.8481992852002515
0.8481992858391467
-0.8481992854222298
-0.8481992874303582
-0.848199285860651
-0.8481992863250383
0.8481992871461349
-0.8481992867656745
0.848199285755414
0.8481992862043845
0.8481992868702837
-0.8481992878653569
0.848199287007921
-0.8481992867497765
0.8481992869333774
-0.8481992856703939
0.8481992874410977
-0.8481992852007856
-0.8481992851961359
-0.8481992858349288
0.8481992854180049
0.8481992874260524
0.8481992858563421
0.8481992863207465
-0.8481992871418699
0.8481992867613635
-0.8481992857510808
-0.8481992862002284
-0.8481992868659347
0.8481992878610297
-0.8481992870035774
0.8481992867455223
-0.8481992869290788
0.8481992856661397
-0.8481992874368584
-0.8481992852012392
-0.8481992851967827
-0.8481992858353046
0.8481992854183328
0.8481992874263644
0.8481992858567401
0.8481992863210229
-0.8481992871422968
0.8481992867616704
-0.8481992857514195
-0.848199286200522
-0.8481992868663167
0.8481992878613669
-0.8481992870039327
0.8481992867459823
-0.8481992869293556
0.8481992856664049
-0.8481992874372843
-0.8481992852018428
-0.8481992851970614
-0.848199285835952
0.8481992854190123
0.8481992874270347
0.8481992858574344
0.8481992863217288
-0.8481992871429971
0.8481992867623882
-0.848199285752167
-0.8481992862013115
-0.8481992868670273
0.848199287862023
-0.8481992870046641
0.8481992867465911
-0.8481992869300535
0.848199285667123
-0.8481992874379247
0.8481992852017963
0.8481992851968863
0.8481992858358902
-0.8481992854189545
-0.8481992874270414
-0.8481992858573745
-0.8481992863217954
0.8481992871429697
-0.8481992867622653
0.8481992857520702
0.8481992862011382
0.8481992868668163
-0.8481992878620592
0.8481992870046581
-0.8481992867465249
0.8481992869300683
-0.8481992856671163
0.8481992874379646
0.8481992852061991
0.8481992852018417
0.8481992858402997
-0.8481992854234637
-0.8481992874314054
-0.8481992858617475
-0.8481992863260841
0.8481992871473274
-0.8481992867667024
0.8481992857565591
0.8481992862056442
0.8481992868711883
-0.8481992878664842
0.8481992870090993
-0.8481992867508904
0.8481992869345586
-0.8481992856714661
0.8481992874422571
0.848199285189235
0.8481992851846293
0.8481992858231546
-0.8481992854063544
-0.848199287414407
-0.8481992858447546
-0.8481992863088057
0.848199287130454
-0.8481992867497634
0.8481992857393156
0.8481992861885432
0.8481992868541998
-0.848199287849282
0.8481992869917578
-0.8481992867336495
0.8481992869174778
-0.8481992856543531
0.8481992874255353
-0.8481992852015331
-0.8481992851971132
-0.848199285835661
0.8481992854187077
0.8481992874268005
0.8481992858571045
0.8481992863215088
-0.8481992871427915
0.8481992867621388
-0.8481992857519491
-0.8481992862010418
-0.8481992868667119
0.8481992878618067
-0.8481992870042537
0.8481992867462618
-0.8481992869297625
0.8481992856668392
-0.848199287437604
0.6163913499907091
0.6163913501729992
0.6163913494292199
-0.6163913498541965
-0.6163913478646883
-0.6163913493407142
-0.616391349190212
0.6163913480252151
-0.6163913485656467
0.616391349362463
0.6163913490091119
0.6163913484474065
-0.6163913472865359
0.6163913484920276
-0.6163913485275281
0.6163913483472617
-0.6163913495715478
0.6163913476202024
0.936326879560878
0.3445611906685717
-0.242590027489704
-0.18929480560030015
0.8880669578655255
0.3522845264868843
-0.22194228455486037
0.0010705134697428238
0.9300249231472263
0.9363268795610291
0.3445611915099838
-0.24259002583213862
-0.18929480564337728
0.888066957867576
0.3522845252499507
-0.22194228393112356
0.0010705131851171503
0.9300249231388695
0.9363268795572367
0.34456118446707257
-0.2425900397850339
-0.18929480544467814
0.8880669578657393
0.3522845239830786
-0.22194229114237654
0.0010705144416914762
0.9300249232054497
-0.9363268795596685
-0.34456118880617725
0.2425900312168706
0.1892948055601133
-0.8880669578662401
-0.3522845252220469
0.22194228663285515
-0.0010705137152862204
-0.9300249231646931
-0.936326879547995
-0.34456116802488873
0.2425900719108788
0.1892948050177219
-0.8880669578645116
-0.352284519000746
0.22194230814959687
-0.0010705171296858515
-0.9300249233583647
-0.9363268795570643
-0.34456118393675417
0.24259004080742497
0.18929480542306654
-0.8880669578649466
-0.3522845243989755
0.2219422915884279
-0.0010705145831940107
-0.9300249232105087
-0.9363268795545798
-0.3445611805593552
0.24259004751992727
0.1892948053704609
-0.8880669578681089
-0.3522845207271
0.2219422955716769
-0.0010705148889995596
-0.9300249232415474
0.9363268795495616
0.34456117043111123
-0.24259006721970142
-0.1892948050659923
0.888066957863361
0.35228452072706
-0.2219423054963734
0.0010705168346833468
0.9300249233363486
-0.9363268795518883
-0.34456117513649415
0.24259005809007378
0.18929480520720637
-0.8880669578655654
-0.3522845207133428
0.22194230089638836
-0.0010705159318339166
-0.9300249232923963
0.9363268795576196
0.3445611846420895
-0.24259003939115026
-0.1892948054320903
0.888066957864089
0.3522845253250458
-0.2219422907242399
0.0010705145333436352
0.9300249232040149
0.9363268795550708
0.34456118042314565
-0.2425900476976171
-0.1892948053323419
0.8880669578647549
0.35228452326551624
-0.22194229524387749
0.0010705151536153379
0.9300249232432677
0.9363268795512698
0.3445611739850005
-0.24259006033661817
-0.18929480517551364
0.8880669578653092
0.35228452049610226
-0.2219423020639812
0.0010705161325697164
0.9300249233031334
-0.9363268795453645
-0.344561162752146
0.24259008196255036
0.18929480486568842
-0.8880669578624596
-0.35228451881506107
0.221942313270226
-0.001070518102695657
-0.9300249234068055
0.9363268795505959
0.3445611733929354
-0.24259006154732
-0.18929480518089803
0.8880669578672723
0.3522845187668692
-0.2219423029582555
0.0010705160838373265
0.9300249233083692
-0.9363268795519423
-0.3445611750512036
0.24259005823714438
0.18929480519883268
-0.8880669578649609
-0.3522845211521164
0.22194230089881556
-0.0010705159890358519
-0.9300249232932559
0.9363268795508766
0.3445611731592992
-0.2425900619437322
-0.1892948051496168
0.8880669578648218
0.3522845205710523
-0.221942302860858
0.0010705162986235563
0.9300249233108902
-0.9363268795581998
-0.34456118609523834
0.2425900365793554
0.18929480548441055
-0.8880669578655991
-0.35228452469000104
0.22194228941297922
-0.001070514193755455
-0.9300249231902741
0.936326879547767
0.34456116681918664
-0.24259007415993236
-0.18929480495983442
0.8880669578618151
0.35228452067003735
-0.2219423090130337
0.0010705175140090163
0.930024923369782
0.9404840810718579
0.22296208297060277
0.35648271599953785
0.15701815818322032
0.7961491151637693
0.04290238050606258
0.30592485236598943
0.01089068987918896
0.7264463689123215
