3
27
27
9
-0.7348681944621644
-0.7574073814137725
0.33622263266305374
0.8531027741862729
-0.89021305402488
-0.5880049254496584
0.9755033400972293
0.7892541611643664
0.8259596903167965
-0.9882925381513246
0.5083531898310172
0.8068669031981912
-0.8935641818706757
0.08136902482880393
-0.9508760751722762
-0.09217143044715503
0.3450105425939263
0.09666505799164793
-0.9943824572340125
0.7261865537505865
0.09104655089315017
-0.8505018488431273
0.4595512541751965
0.6055447344296352
-0.9335797798592214
0.4519859132214621
0.749600382936652
0.026755365855986257
-0.06301023489648161
-0.8413886176472785
-0.49894022965192275
0.4032504289583734
-0.9051721896570453
0.5370679113187657
-0.6400372903955105
0.18226424623044002
0.27180584421912246
-0.9647048806604455
-0.9059304260697365
0.018054208446631304
-0.4336546801795458
0.45036394051831286
-0.8202962091515964
0.6738974802040585
0.1736008978693464
0.11866436763770571
0.32690950982261113
0.9930050367903756
-0.7370314009563403
0.3010614057428984
-0.48055452937567833
0.4652938587656701
0.4049396593596295
0.11523822546248197
0.36949805028819793
0.6062316904491956
0.145294486392735
0.7248185833989627
-0.4404628959275436
-0.5200284825841897
0.34164787128019203
-0.5411391459902268
-0.48074680757724075
-0.1570290958054621
0.2195063718306267
-0.7914959344543984
0.7754003714442974
0.8326191850674325
-0.48989498087871075
-0.17702986425715794
-0.31913481041511194
0.1245095418081037
0.902818982619277
-0.7319368876462551
0.4307383330788044
-0.8057044977468433
0.7081989964224331
-0.33478240589444064
-0.1080004555097549
-0.7515707271620724
0.5171511633588481
-0.6777576572678219
-0.1963517755484705
0.7835411590362831
0.6219479378502675
-0.580879945650304
0.6374482801457502
-0.44315863268090205
-0.5011619682308106
-0.024804011449726104
-0.33456406607878897
-0.07198636739367736
-0.43254170241720225
-0.2943535991624402
-0.8465168420427194
0.6805402108908138
0.3162366016002385
0.6499001692880357
0.36308735811436144
0.9761228188629529
-0.9942930300337856
-0.05886807985684017
0.03239944991086552
-0.33593181642993475
-0.745705627321255
0.6119983344109217
0.10107135880895579
0.6287770431244795
0.8501436155944833
-0.7108970287354768
0.9901715694470687
0.7993611551192816
0.5494064250578146
-0.14473197668799176
-0.8560856644984471
-0.718217596585552
0.394229070295556
-0.9043706761753731
0.2208592934446456
-0.38596495623633564
-0.8609529514196193
-0.13132419370293924
-0.770120491051397
0.09027451872819459
0.5905998544623738
-0.7798695609210717
-0.9418259720755737
0.43758768083338206
0.4875776146330366
0.011696066002488292
-0.31859547424191836
0.7152011332815846
-0.18963198601660447
-0.2903071968553912
-0.35630277544701716
-0.5643021272430515
0.5695819779667384
-0.5601032072355951
0.6129353265903337
-0.9978703100779458
-0.24109070101380525
0.04001126494155538
0.2372280125698083
-0.3367488027087029
0.5608240128566382
-0.9542907525844853
0.7319010758979312
0.40805596029896996
0.7066342235187806
-0.15390147361448214
-0.11067176680308632
0.8303097236747439
0.3368888828045504
-0.7756292081155807
-0.6301019283552036
-0.2499789411732698
0.7463859298650719
0.49168847781978076
-0.6021354074677194
-0.8401140556376336
-0.4734732599200666
-0.19138857411735177
-0.27686856910486046
-0.7291965772756432
0.9270898914855166
-0.5864340007963569
-0.5479032117883236
-0.5587281039293364
0.5369994364339254
0.37337062046394687
0.10894026884817465
-0.9915764652576677
-0.14922261159660466
0.5927845620707257
0.9870072781328636
-0.20905244574915272
-0.5508504463282542
0.21735842672935912
-0.37712459125228004
-0.948183312654195
0.8655297834400786
-0.8345416792928764
-0.26048083547801526
-0.12828666761135343
-0.15623013571469513
0.2682527505165033
0.9252351465409547
-0.7163253187252672
-0.1863454484286169
0.951515464283506
0.960734773057804
0.3253111235089683
-0.852118034464243
-0.7641717641848216
-0.15913046258809826
-0.6828799974735398
0.4145809593998082
-0.08523201789004298
-0.5308573070247118
-0.28253000558120656
-0.46690994506279604
-0.8951331027259328
-0.7609749322792798
0.05291103039813616
-0.0011499890010790992
0.7206770709379355
-0.9148580780425535
0.8081713405949025
0.2931446285514736
-0.9143224800899987
0.19958689791623319
-0.9835744469159409
-0.7331700766715816
-0.4704725572133761
0.516479960243551
-0.15789739783189405
0.4430479596848762
-0.015037189940802831
-0.9473219013673742
0.2659498754648031
-0.2482340476971805
-0.16590124848372878
-0.1982607936032006
0.9784346469093184
-0.14389648470471128
0.7663132010813412
0.014127992659434652
0.3151811672388576
0.21713644083277228
0.3825239643122902
0.8846038254859336
-0.2125315450231946
-0.9130493488580544
-0.9189394540767815
-0.5750176385682495
-0.10286696875198653
-0.43234940129566346
-0.5798705628753826
-0.7529679431252332
-0.29760222740430287
-0.8994296153775747
0.42480505929903845
0.28940397968840026
0.8996404754126592
-0.133939561189085
-0.4693258639691269
-0.895433942034946
-0.09608883483616393
0.8421855124755644
0.3550664911518555
-0.06832163529325452
-0.5824759209615475
-0.5455847444606192
-0.8050844172659644
0.5838013007674294
0.3583645298468474
0.3382734423639211
-0.4671667195430491
0.9989776980266549
-0.31161282943243096
0.07931150437817025
0.16909237976312297
0.030330229531503772
-0.511356371652945
-0.9804497230967799
0.03718359763078616
-0.3913685693661775
-0.3511396147985344
0.21372927253906915
0.4009998746174366
-0.09285317934118176
-0.9700522953027182
-0.6078378518519987
-0.32176393500657974
-0.07781373752023857
-0.2940258578241568
-0.9881072828905755
-0.19625895701273177
-0.7320796737366759
-0.9427146267524518
-0.6553903375829448
-0.8117432848525905
0.9866157418237689
-0.4211916998980194
-0.2459749309301753
0.5468485215403254
0.434896483984585
0.9362956117380128
0.6595610549641828
0.8718019889099926
0.563194274302383
-0.17784457155948852
0.4208813528239923
0.962804186210722
-0.8439100976559173
0.09869318631313995
-0.16922343963896624
-0.5327916699642072
0.8191916736375531
-0.06153324333398302
0.19417663509558425
-0.44591038734505584
0.5412377822986258
0.07565121280890241
-0.8104101322711343
-0.585315550184484
-0.6798316240446152
-0.166187090863678
-0.973165688168184
0.5542831072906775
-0.28330804027701295
0.499032910073
-0.5013630939888103
0.9846188150722879
-0.8953491812110785
0.05043230089214945
-0.4151776365661184
-0.16120149118417415
0.5544791527415691
0.1990653300977705
0.4895485875364025
-0.6533667267292385
-0.4870479311158238
0.005228956592878031
0.5976666527767265
-0.5729053678642255
-0.6279615587506457
0.5504628762456372
0.21594166701260775
-0.047015029921368745
-0.07296264846621958
-0.8708329676364637
0.06980715418693006
-0.8619062251477725
-0.04285028486220832
-0.35513391532620964
-0.5953122941531102
-0.0035585454920585846
0.9882711525053873
0.9151370934944965
-0.4537562772931252
0.46779541660891155
0.18123526693786962
0.48539886118384024
0.8271566782618844
-0.03457410947172623
-0.26036189451191016
0.4294106907245978
-0.06734499135109417
0.8066259265202149
-0.18801149016702667
0.6078012953972991
-0.8302658603346629
0.7371944067395122
0.2443057147269505
0.6179729081178751
0.33526142916348345
-0.38301031102122485
-0.09842214527366555
-0.6550588724386164
-0.6571583824838834
-0.5486093029469561
-0.9565387987164047
-0.8767561660780125
0.005684483649622818
0.7632902474834793
0.16680357623584663
-0.8356878104600736
-0.5281128862485847
-0.19558726737268017
-0.4260317544624035
-0.42844960848567104
0.2449948928776593
-0.10017470007801488
-0.5898741538925076
0.4114003075476862
-0.9129458850218597
-0.5113221342790015
0.8307195038853383
-0.23839078630209953
0.9850920138632895
-0.9262837366241408
0.0886663395859173
-0.8071952229330364
-0.01585925971317348
0.8315244482421971
-0.28078815518639666
0.9480665458937716
-0.7882160571695815
0.8643829411973434
-0.43581895836752027
-0.658294065541345
0.4869573673314487
0.9536697034752579
-0.021314023110432956
0.9678291143139153
0.7972501792292512
0.4003410428423817
0.8103785057048927
-0.6581620441435214
0.6542591359802621
0.9082396407270503
-0.9346200271002958
-0.8218745372213789
0.27018333752076606
-0.5905570632393546
-0.4301179445433383
0.4969933045558792
0.9269794163161573
-0.731674557618528
-0.5824349678449658
-0.5653190934382237
-0.27319761493492156
0.7821449098836508
0.7602946430167103
-0.9321293649868625
-0.757209839203463
0.8408761365522266
0.6805986297392044
0.5352128326163093
0.149446427642983
-0.31941736304443435
-0.6709235421189259
0.4645187098314676
-0.31857987112045794
-0.6684601983468534
0.5952414161818236
-0.5265392725831304
-0.7191491792624087
-0.0264329456301855
0.40674699502441203
0.7833992204925764
-0.41149223967077253
-0.9628129503538176
0.5376321349151822
-0.667083623933522
0.11508778015323151
-0.5315750457025421
0.8976562336789959
0.37479477280327833
-0.7342127836386989
-0.3496535226294568
-0.7318913233319371
-0.8212006489693873
0.021912377504803127
-0.4680641952160052
0.6536660141326804
0.1993980486088096
-0.18406277301853202
0.17678192117668967
-0.5431024789543755
0.041949120583106625
-0.5977038207953287
0.7261935526982672
0.8966631521041557
-0.5697548302632054
0.1127739916709336
0.701042847546945
0.1887478960942124
-0.0500163786235599
-0.2871659378940885
-0.45731165776031135
0.6166099967179428
-0.4464489035359447
-0.4971277448607989
0.15892714517122375
-0.5668700105390472
0.28798597126285763
-0.9683413818598925
0.0743853713525382
-0.5345983117109694
-0.5882838403416337
0.5089316218483513
0.8460969745045257
0.7470025757204548
-0.3514471256359428
-0.2200961238273813
-0.3035323282119018
0.8871145826725539
-0.2561273449424646
0.7548362196379401
-0.5740498899147659
-0.1515062633813946
-0.8473999623014106
-0.655144654978012
-0.9988929726518809
-0.12322314186670313
-0.9919545582760163
-0.8442464617248282
-0.7629811217509606
0.026127264764134184
-0.3473817450494565
0.1921273041025695
0.5015793675796776
-0.5951678284887347
0.35690939394576016
0.7749709994175928
-0.06339714917126948
0.8876930362177815
-0.07084334238652779
-0.6892474815380978
0.3249792918643817
0.5651161912832514
0.905543586699536
0.2478108177296201
0.6745289594470347
0.21543114387137718
-0.9113786453850437
-0.09896712285639198
-0.8240703138769574
0.5467547360668492
0.9560089388872461
-0.10908255327147898
-0.676375991253712
-0.967582641235377
0.9687472645587261
-0.2600062654110793
0.6935498517038754
-0.07778509333207384
0.2780166401347448
-0.9436874151442984
-0.36542847130871237
-0.06735405071253076
0.35445993426879263
0.4585273187892702
-0.412269461088447
0.46566177503673045
0.5424498054748321
-0.8088334336411545
0.40827737293374344
0.3296614659985555
-0.8012164650761457
0.22852535693883969
0.7127985809606074
-0.03500008985776648
0.22093895798203023
0.512598188963691
-0.12595027237186773
-0.3248417854456944
-0.7189245084164388
-0.40468259546028684
0.4771402989306699
-0.4870155068713389
0.6817207171882456
-0.6727748750166562
0.48294602266705877
-0.20043033012731093
-0.997900998866126
-0.7037121765273648
0.34994458436051357
-0.2447003718278753
0.9199553292227818
-0.5824461501527183
0.5998842944679252
0.8202756920913103
-0.18614698419393982
0.6717110712810264
-0.45978720624430136
0.6332740433582658
-0.04977555566731895
-0.7182225501121746
-0.7139529896501837
-0.4280705683150383
0.11708911835985014
0.9267360058193359
-0.21871902963497591
-0.5090073041762606
0.5809737644173625
0.4495319678724621
-0.3711449868714345
0.06512659975468793
0.3526873236436032
-0.32732854008729007
0.9453975999724797
0.565824215266278
-0.17011396076424612
0.2186498609996812
0.7193379886481572
-0.2872499588350368
0.34514002091974705
-0.5758810640136018
-0.8916464218100018
-0.1298761745421122
0.052833125328098696
-0.2197340298124022
-0.13137944541069935
0.6593589135626594
-0.6567397700909636
0.13839528351460872
-0.8558305355237095
-0.20384379685263343
0.7179613148776589
-0.7370998812360214
-0.8968303720041904
-0.6931419085591399
-0.6083630063823362
0.26566624355377466
0.08787404667166698
0.9798418176794728
-0.6972309663365044
-0.6170848846344408
0.37098494424096407
0.749630868200817
0.6316461411713681
0.17915222291745603
-0.7684223999059778
-0.6776179254296713
-0.23848643080164877
0.11573160794497128
-0.9997368162819891
0.7904378763650228
-0.405170008292175
0.5514480371058257
0.24612713795741437
-0.72460459419485
0.05610740194440855
-0.5858045085415899
0.11992336937515513
0.9764187359557839
-0.8741100503937123
0.08524796706982518
0.6041727526630665
0.21735178648653242
-0.6645397372515027
0.5545674983632436
0.4395444101413222
-0.05294261360814767
-0.4108225334255766
0.07109126253332287
-0.24629196384872332
-0.9843846217020176
0.45061418834303657
0.946372208256802
-0.7249728241575157
0.575280457395323
-0.7173649738695598
-0.715064297214201
-0.6977244741440447
0.43483283099797476
-0.9930777859680187
-0.3735653535393175
-0.35998774720185
-0.23460689712316363
-0.5816628313497167
-0.7043517876524721
0.9307568208567454
-0.5147540089867815
-0.9760358337560995
-0.9078818172333916
0.16391464076859874
-0.08252394757616699
0.9525042434808497
-0.876993189684564
-0.8642826080003367
0.9664307840973794
0.9277033855661496
-0.08871654699925346
0.7671962793859135
-0.1555903706092232
0.09314459813904086
-0.7175659946790314
0.5303137858122673
0.7492883464405977
-0.7549062105368249
0.31020465523012053
0.7341158989511065
-0.8915554055599821
0.27226346052934924
-0.3710222542215176
-0.9340721757441994
-0.530582303661131
-0.7510973929559206
0.6234912458118076
-0.975728183390919
0.29915275331349633
0.8311810160401083
0.26055122020720556
-0.8948716912238117
-0.27131050065051543
-0.5715883026760855
-0.73213707840684
-0.7169648319731226
-0.8273796494135626
0.19720698860816266
0.4369631246236547
-0.013319633348798376
0.17725864285139026
0.897168862456355
-0.0903671538902242
-0.7141420078953689
0.41032465400000917
-0.4569741307685964
-0.8669346943786171
0.10258226991200403
0.3898828763686162
0.8674880164605958
-0.07945781814015063
0.5839811952987213
-0.2913393478883972
-0.5152118949813458
0.02997652786571381
-0.6661121971399915
0.769165274444233
0.6710463058708023
-0.24186555239187446
0.5069032263355515
0.20117074755385445
-0.5171183577920879
0.8385429501821833
0.18792631371791124
0.41318670950009695
0.43428370168163566
0.5265344328088619
-0.6081564577886298
0.7396708528802585
-0.45019123156770635
-0.32146431692789035
-0.05412210105501125
-0.42101078113558366
0.7998938641603017
0.9371277133073324
-0.1142302636564656
0.12700439148511333
-0.42705543059178197
0.21415257435230228
-0.8201122229051716
-0.1824083251427453
-0.7450773505042754
-0.6940433635964669
0.21528289989505556
0.5128346046256
0.6632568408347082
0.3106187803877509
-0.3233752032596673
0.01377867810806288
-0.007095589588108853
-0.39125704681453466
0.2829460881426278
-0.9943280648143047
0.3586884011723803
-0.3498896780016272
-0.7482046449426101
-0.16777211836538652
0.7530086243970955
-0.6897189169135751
0.7156245564442814
-0.6933685891110424
-0.34287640138509423
-0.12185372747717405
0.32258517477408666
0.32729613146087666
-0.5046287311006261
0.7182536430292581
-0.2885602289905578
-0.49639175910402566
0.30974389682730963
0.7880666406398964
0.968833050593294
0.42451365950282227
0.8323496324849333
-0.7374023140525507
0.7390615226573978
-0.2131023403775305
-0.15553753756524302
0.880387000348051
-0.8702891676167988
-0.7345166672331926
-0.4306162269887537
0.8222907365875833
0.7377883422293297
-0.9742262382122922
-0.29972290337402785
0.617188075463047
0.17605459474979757
0.11861439351243641
-0.36443490520593325
-0.6832766328349289
0.4500616039531169
-0.7459478663449455
-0.34454794241098075
-0.5789474736784059
-0.20119587541552209
0.1491085414719895
-0.06967847741318045
-0.028836436487738037
0.936896389679144
-0.2051584079651596
-0.5367864973522585
0.42364708816427044
0.7494744529137343
-0.9047312040676656
0.985471922824904
0.7382534167943704
0.9655606274392659
0.8275380202208047
-0.9797938140872364
-0.7343193455026926
0.9385489980141029
-0.460943108634994
-0.14402223369892808
-0.8979353561324732
0.03558151597362036
0.1833178530307995
0.20535805780174354
0.7127885980720543
-0.2881061106244762
-0.03912063546221933
0.8545363656668137
0.08077915873182628
-0.2494050420668268
-0.7385178241516732
0.11539478531607128
0.7573505432850924
-0.7430635389284808
0.9063473749720876
-0.6652076541230711
0.38741081450201187
0.5838231670748908
0.8308396323985834
0.5776917963339379
-0.6162189959710556
-0.2618074568198354
0.10816881870330697
-0.29900758236713876
-0.8798663513012122
0.5275606204256356
0.2478456498052668
0.8440505016178255
-0.3671890540915337
0.9704913616302258
0.6499170110339019
-0.64714556840474
-0.44838345892800313
-0.6139432765937562
-0.17955014703835048
0.35509086268587753
0.17545241353891305
-0.46726136248846295
0.46663986431557514
-0.2327927418305975
0.6925106499162643
0.49070482375342306
-0.02108289064987745
0.9428718881380087
0.8215207562413533
-0.8286311050534139
-0.2886204977984699
0.6745489299407232
0.6840272568730916
0.3969949684083067
0.5993109032058379
-0.8017702749908449
0.43269491006714933
-0.7349520611212803
0.3314688663696266
-0.40582787656997366
-0.6475710659908933
0.20936387615637764
-0.5166208926292246
0.3546833025186005
-0.5319502435621251
-0.4302620562439867
-0.623762058228831
0.48204310410064855
-0.5681410247025469
-0.09154953372043817
-0.6542433978809847
-0.773511303926927
-0.6943837730830602
0.037109435135645574
0.5965556260421156
0.2037153453018299
-0.932870217127904
-0.1565129787105597
-0.9901633681408983
-0.7946541599935686
0.6238717623563321
0.9009942082463391
0.5774464354732922
-0.9733882484885996
0.21375666168406182
-0.06803464576842955
0.753083188246324
-0.6742254890344439
0.6016102190905719
-0.9480015949887235
0.8679854017810535
0.8322115645597901
0.8640837451209082
0.8126966428622349
-0.8101613448474443
-0.09780498356711886
0.014598635772451907
-0.49629346873091285
-0.023736261247906176
0.425244833828903
0.2702990324439636
0.7892365220327029
0.198555818627568
0.15493860838918883
-0.3735042228353551
0.21243231915205718
0.20696989514382924
-0.4464940428967199
-0.24966575166147997
-0.5937514058257563
0.3507389725642338
0.9250092019743121
0.6062381641081978
0.6483131118014207
-0.080185172422778
-0.48920408314613506
0.489619822611258
-0.6038162284308677
-0.42087233243887434
-0.6911649922275391
-0.271639449467302
-0.49701016959176414
-0.32554815059123854
0.7368085223017942
-0.8360092855078314
0.10487694575558604
0.2512349420924225
0.007383847662064236
0.3490372210064092
-0.866411292628184
0.4912496558937858
0.5791723662205326
0.5523042949597536
-0.7291059403551168
0.4912680315573532
-0.16049172813935386
-0.5460569973128566
-0.47698816422032464
0.2699882198969987
-0.328377333637182
0.3443586459571193
0.8588716898268725
-0.7528137191205022
0.5438714353005258
-0.6395518400106763
0.25880327280741877
0.31450764983459667
0.4451144704017689
-0.9526494358187321
-0.9978782424099153
0.034476517981226085
0.04711231718537712
-0.7628285371881889
-0.8215555593905184
-0.5950406690611021
0.024704825100031025
-0.508479405845013
0.3816570845453766
0.905328803568854
0.049891689148996665
-0.9200844401200763
-0.547345271751458
0.13417695088239934
0.9622948341258888
0.6572295542124427
0.9098949014322888
-0.7036912052807853
-0.6565116376910938
0.21317661090656137
-0.46329771598761393
0.10479409325810773
-0.5691614501823556
-0.07809919381405406
-0.9001769006680824
-0.09515094717984351
0.2826661974478868
-0.6329986199563877
0.8022410111736487
-0.4054950308605878
0.5272607775060618
-0.0737312061415043
0.424963457970172
-0.14502797996368666
0.7876515605644836
0.10101534700934489
-0.1760631258141796
0.17378782925034542
0.005849633167426038
-0.6810447476354482
-0.6848776829088647
0.23483482566508562
-0.6194039133630214
0.6434875969249967
-0.4926059126645381
-0.30937097071487063
-0.681088502539432
-0.2619611906390422
-0.7355597672489522
0.5335951635767999
-0.5711649823616214
0.7438215413906399
-0.6981387249583477
0.5994556903255956
-0.8546926039460763
-0.16896588961638837
0.1688814535197316
0.4199042865315594
-0.4331791924662547
0.5709588228090441
-0.27443160196678207
0.8861160312898932
-0.5005620996936517
