2
9
9
0.16269720463864323
0.22290835516694774
-0.26826875824187746
0.40201586502949804
-0.3007381236465838
0.2634181858305178
0.9152267251786546
0.9507713432843914
0.5231634730121022
-0.010441172502973606
0.7653192567848339
-0.6408490163319571
0.1704390933181985
-0.18152791975457871
-0.6859892340155667
0.11322362640595829
0.4463369581774512
0.8531308330957288
0.15615477177906678
0.24004052236207207
0.20706476849672506
-0.7770564385266825
-0.42336993484345964
0.44008037322496696
-0.0393817254573563
-0.8883254673293033
-0.5981484597916313
-0.5672469890313196
0.6495964413356303
-0.991882496294622
0.15320517981624748
-0.3652544482823097
0.7555841148115734
-0.02875015430211203
0.1127816868449496
0.6508069648173442
-0.8007064502237586
0.9265336604252346
0.6359174679259183
-0.9142140135376571
-0.15248201486184376
-0.3378566463807988
0.25367665979511367
-0.004737910591744665
-0.7626301445870793
-0.7474569442457697
0.7585081306835566
0.7754981915337205
0.6147687835013831
0.4039489790518682
0.37278421539892803
-0.9317202278969756
0.979800872156364
0.1991392217736132
-0.008983704071422682
0.6221116020079711
0.7405702231251152
0.5106949004866665
-0.9911487400397248
0.7710464145595508
-0.47913545745919683
0.6060225961608192
-0.825219380590424
-0.3411996135173272
0.6638379511946639
-0.6544940261800107
0.3224891176734477
0.056487111877800755
-0.046462589009320876
-0.992595604725877
-0.6774382918831405
0.2040592261462224
0.5525029818076701
-0.037300825216588285
0.8123362767748847
0.8311059296949952
0.7192893315438891
0.9824440175086846
-0.34259401658143895
0.5151800816380536
-0.8163954094810286
0.36390935741336317
-0.2691238436560597
0.18435739012498242
-0.6331178517884493
0.7496882785266503
0.6250679551020191
0.043889425171729224
0.23491979571845323
-0.6203378490339695
