2
27
9
-0.0001114773789789858
-0.004543254707958688
0.13956039869651993
-0.19837294678075523
-0.001544397357900018
0.7399775498412251
0.1897989818989636
0.1609926237656616
0.42164916134254615
0.40324564368443605
0.7386844766219625
-0.8573430015996693
0.08168924963806656
0.4602926350350329
0.4637750276937549
-0.4525012322493477
0.027416520121098076
-0.7974112747990743
0.5307926238693628
0.17786439684549626
0.3633989132141173
-0.08160245555590417
0.5489708006059386
-0.0710512928222864
-0.5758578666176889
0.0713971205460382
-0.19514965382770877
-0.3230060042973031
-0.3321858524671346
0.23689296792958592
-0.4833331010693269
-0.2930996060187725
-0.5841015279859997
-0.14602838608907542
-0.044561814200931416
0.3835007458673845
0.9810857119477185
-0.4161275801986172
-0.4104671908607965
0.15483517700293392
0.03644385021507213
0.4192969788521643
-0.05126828218999657
0.35032442459262425
-0.17374403345359546
0.2985155193399964
-0.8023917401989225
0.08552611987942216
-0.8956886306512563
0.02829610466576349
0.38335014441444115
-0.18401959797830014
-0.05041662102884081
-0.02101623681362308
0.0582639022699456
0.21540071697978047
-0.2348420808594739
0.42089683062781846
-0.12159947040317509
0.0167566813802551
0.4211086095938392
-0.1733674173697749
0.37444808462553114
-0.2549029911854789
0.19566884036580445
0.48295756325461703
0.357997353048904
-0.08491923960227155
-0.39583666626115377
-0.30857795944187183
0.30824168318089273
-0.5576610171339744
0.019800229788800916
0.22593885349010723
0.10780664987416744
-0.36821090692232994
0.17675667756415292
0.00024118450147891934
-0.21120154131901492
-0.07793121227304811
0.378772059615871
0.5798719944790762
-0.35214818260035774
0.13721730659023335
-0.5695802213504606
-0.34560922078463285
0.318474511005431
-0.19753545946850692
0.08130131677886165
-0.09472976774835096
0.33354179344888335
0.37388786255203343
0.049988323876049456
0.20668901189720312
-0.5900039227936551
-0.08033483056156632
0.13224827899620095
0.044047242307425405
-0.014971092939943365
0.12919130531946754
-0.47686162485778083
0.011433973403086162
0.16395018559208951
0.3693998920123298
0.10832509922443467
0.23249010284866634
0.4238098068937983
-0.5919950680316467
-0.2926057702331585
-0.45065659927855395
-0.41320291397138187
0.6114831254521849
-0.06204820176893289
-0.6375759300754263
0.5512951933021939
0.2696700645373178
0.7000208956353751
-0.4062598201685934
0.2160262065868448
-0.9092826925347092
-0.45951687444907086
-0.0062799037916082545
0.33202975779004884
-0.32106282099173866
-0.7102070618898503
-0.30475555169998614
0.38233097477205025
0.4592432991189246
-0.6002152833510613
-0.5931830632763605
0.5377012736143894
-0.1003505174109861
0.5888345107945723
0.18647776381691505
0.6043652654335494
-0.3037313946015687
-0.15994572663387363
-0.10017405170765525
0.43802260143637195
0.03756555072318668
-0.23792287857170002
0.24286923995765308
-0.7887996034251747
0.38067220969393656
0.5824318928619281
0.24898420805213162
-0.1475385312471208
-0.2774788941754601
0.7297852654821304
0.8545312106359186
-0.6181716374548331
0.36030845024029445
-0.562035391241742
-0.868620107643308
0.15778450016097167
-0.23763102664756086
-0.5420240512419844
-0.9350272675470827
-0.332878289231599
0.3559000316169163
0.3167077639956615
-0.306720365397833
-0.21981356914589578
0.5104064941210724
-0.37584441286085823
-0.28537236150799894
0.1855527050400818
0.3403964750919619
-0.5329612955600871
-0.25150148753339496
-0.03825185027376288
0.8409784606391772
-0.26449444261098065
0.8296573685470197
-0.17647562044389098
0.020583327788958883
-0.27109863574383897
0.30647963201310624
0.46639586514808284
-0.22647294322340805
0.6928857627877689
-0.20984857175640192
-0.1058956475766043
-0.40022505367103167
-0.7149614194473857
-0.18347976111791298
0.8381922528059369
0.11426840875685729
-0.28338605083381996
0.11665455333529628
0.7606371824761449
-0.08876444511530235
-0.38159608718850613
-0.7104985098067468
0.10502524310844841
0.26722102013688853
-0.6550759039185787
0.06082575453233918
0.3780389903251451
-0.7106033101428381
0.13661674410967528
0.2595650412513417
-0.48947255664152123
0.3324254579964552
0.7365292827771381
-0.8827382947195372
0.27730944095250587
-0.8048970013400082
-0.5253424830163688
0.17859020218297106
0.24570709672332702
-0.4423479146575252
0.034114156024857456
-0.21214786377494288
0.22648001930539663
0.28688685392835467
-0.3808149284325353
0.2559178949493375
0.11262059558805038
-0.3160501506159503
-0.58726991981243
-0.6296372174018567
0.5649586474518067
0.09998820303327594
0.20562992579449713
0.16197119601003784
0.7382295819741094
-0.44223887716077315
-0.05010865721685065
0.2211239402692735
-0.16170740866330646
-0.08812420788035702
-0.24332690419304914
0.2647187739686536
-0.3185610167651223
0.46809031911016286
-0.7272879991815121
0.39451451976142105
-0.005724799122511892
-0.20428681489792688
-0.5157983657742313
0.09928092876725092
-0.1034509077419914
-0.06023831093016696
0.42753641990588287
0.08475734690952663
-0.017240955447641704
0.44271987672133517
-0.5099898194320035
0.21579654381044389
-0.30649664237759267
0.22938330893301018
