2
9
9
-0.9070099258637585
0.45450032767985804
0.6678790545436653
-0.684748458514987
-0.7582732972111572
-0.2661168975870809
-0.5178816065582859
-0.9982045905800605
-0.3064310818251257
0.3539263151872123
0.1930115622304016
0.7342018318793861
-0.992507545587765
-0.2737378717492893
-0.9862014382201734
-0.12929641613562848
0.323824454101441
-0.3255864225325653
0.18578658746142418
0.7008214864156821
0.5895912003112704
-0.8772371429294361
0.6782912399032428
-0.4267818118049578
0.5920580085935243
0.5218895232518754
-0.067236395169892
0.8572351411761796
0.08723833098374989
-0.17226759546828685
0.8062258626237453
-0.6024570946758843
-0.1367604668646356
0.3319689666162089
0.5961474347637978
-0.8910267306412485
-0.30392609714694685
-0.7937363480491033
-0.6972785101368872
-0.25841520569516296
-0.23257998448455752
-0.29210311621396956
-0.6884894885240751
-0.7364487686185215
0.5961424643904503
0.15109562271213495
-0.03819166373913663
-0.23728292138216345
-0.23732554654141946
0.9631520583166759
0.4341797294896652
0.8352131160681608
0.0921422540987007
-0.55039577221434
0.8760055027878899
-0.7934971631782766
-0.8666333822095831
0.33426453419712243
-0.5680794211202065
-0.6829872074948362
0.44903325890858725
-0.8298392366668248
0.7404550826027794
-0.7092287094270797
-0.8707386851438368
0.619652052475234
0.5221483027897387
0.11931557736486575
0.9843910194757595
0.32346409163915313
-0.6946605235548617
0.03947573327255882
0.6689278172483379
0.04326450156828243
-0.1688999582770867
-0.8437607680099677
0.6812730476412874
0.3517126897958154
0.955811931333316
0.8582330761395116
0.25250811890898395
-0.6712164264716594
0.5910529530793767
0.21228946797541726
-0.8613394654006206
-0.02006399063946085
0.7828690220236423
0.014252398933288557
0.7927721066313018
-0.351326265307887
