2
27
9
0.6823066150142441
-0.16477773097766657
0.23545068091999966
0.3036361292409371
0.006804584637595035
-0.4688235230592195
0.11814178462824443
0.23798975431647174
-0.2679281333734348
0.580858289240425
-0.612020476951484
-0.57315890809738
-0.09085144251483823
-0.9030730291569156
0.057722674111464256
-0.5555807683294763
0.1625296882403222
0.1992348840429985
0.2637046024891563
0.056404883236784054
-0.20048476317138675
-0.07516576520549867
0.3647564143291455
0.36902647939881095
0.8002968830101256
0.050136137561295424
-0.4173112022830736
0.23876957625630935
-0.3099932532934321
0.42641082570560007
0.11590987613770132
0.2823976547191851
0.8387984600878431
-0.6259194409970976
0.4676654432740399
0.39978490399558697
-0.3004972951100815
-0.7218605921313066
0.23596401592061644
-0.429459199394183
-0.18913307698094117
0.03609424830150876
-0.19124989686186322
0.5345565310123663
0.6246226024057515
-0.03708363829112271
-0.5142044841466203
0.36381346117085234
-0.5063185573472627
0.06924202206393915
-0.22051855466886816
-0.8169757545494678
-0.2850765178172986
0.26986000877531957
-0.48829413980869196
-0.0034437038494387062
-0.30007657540141386
0.49350469082900994
0.19982971978100594
0.12103095399425423
-0.1996246683254702
0.12814772000158436
-0.19175562422311265
0.8591169206609921
0.38729824141506763
-0.6397907857451228
-0.1865484197795687
-0.3700149262556848
0.745674686563834
0.03777231118894253
-0.8995802248566912
0.055135768302913
0.29608832368120996
0.278030247279883
-0.8049174403447049
0.05118607409161946
-0.27879018996803795
-0.10416474387587304
0.19803151950970177
-0.15783373583465143
0.8244211257943408
-0.011092788433682554
0.5386576081201915
0.2193140298433982
-0.36882927179375646
-0.34859960584224925
-0.2778036761722045
0.47551527495318746
-0.288379589053815
0.06105566906785187
-0.5468435617201166
-0.666953878797057
-0.6142077009494509
-0.6996114224231539
-0.11425679635031094
0.6398792425176429
0.014823135574712598
0.5210513783311344
0.3019340221984286
-0.139132049599482
0.41055996594317223
-0.589335594263663
0.0510852924533427
0.05466474299108892
0.368869672187766
0.5438203963162027
-0.14346492675332323
0.414606381035314
0.5954544405897804
-0.31459435842570493
0.2574244848381042
0.15259929600428412
0.09057828762506248
-0.8801500286506188
-0.2464946151353682
-0.159579146057375
0.5480209456096783
0.454845626691065
-0.788485786026436
0.3458385178596224
0.43968966714398117
0.3515098759000461
-0.5745601091367774
-0.2773945604386102
0.051873638494278396
-0.032882674055297656
-0.5836954468933288
0.4532963709684674
-0.01373369840532701
-0.10158096413196493
0.25902891275410544
0.6270016273904855
-0.44692381396773206
-0.39493578528449624
0.7505333072620433
-0.4189229720614651
0.1833729595959923
-0.36938666073475024
0.18418966447163854
-0.21806306841509204
-0.0082858547086333
-0.43327652257525495
0.0671501297604209
-0.7810291998182534
0.05787124660521581
0.010483739323223329
-0.3640856057603733
0.732710855890552
0.6482909548237461
-0.13188258299518207
0.45681476584077396
-0.36808487873721973
-0.7550052560577292
0.3408613125176263
-0.03463550480474187
0.43521790511850345
0.5968900271120379
0.5084167322581354
0.1060595557190962
-0.5346141176262302
0.05575555468949478
-0.38952854325709585
0.7152182203755408
-0.6457711862870263
-0.3947298590966899
0.5646473387979121
-0.4065254603564724
0.41249898846930466
0.1695641253245077
-0.2871076616033257
-0.5520205004431071
-0.32807300112531756
0.19810567142925817
0.2900933452107255
-0.08343064534048628
0.1348096459806838
0.0346498972739715
-0.670983231424493
-0.25775417540682644
0.2039267316225679
0.3917684772267558
0.025916723586845603
-0.18065823561154393
-0.26406933230155694
-0.07444936469010144
-0.016325827633369205
0.24104692554152596
-0.21511274684654058
0.1905089317920603
-0.17933077099736394
0.2249829840730082
-0.02797793162090978
-0.2035188815756942
-0.1695877137690055
0.003908402524279708
0.35982439728281634
-0.667519168287765
-0.64534740246507
-0.034354695168655414
-0.2860899834343431
0.43415700241848976
0.2194445940955252
0.4862197316584105
-0.48319937240079114
0.19980057490120395
-0.3234785434776415
0.12224532654666476
0.4841366197212511
-0.23325273405599634
-0.430891481890577
-0.36720030853741115
-0.05668073223027992
-0.37517394772535584
-0.6923254040865269
0.3487656257636258
0.23227308193216878
-0.37869792408184666
0.3495764159950996
0.7095518939563854
-0.07113442714640639
-0.24704292021846075
-0.20416774495235246
-0.38064170204712366
0.21039082219970684
0.2945041043251371
0.37357994891420265
-0.11517319381996338
-0.8303352651431098
0.550759120286912
-0.4950996492299734
-0.34012151633301
-0.5164684432485003
0.6903039617498181
0.39004172425587624
-0.29061629811278744
0.620909668892413
0.6447155044325406
0.06443384454394074
-0.3624135126287513
0.7813195498327337
0.21518712595822653
0.6050255608448385
0.6691430289863891
-0.17385814746504225
0.13748583741095222
0.025259329205704173
-0.007682696125533184
0.12771420004375633
-0.399834234401813
0.8860330192267822
0.022957382325265563
0.5092055672282088
