3
27
27
9
-0.6093036951894175
-0.6318071426290248
-0.8553897353795024
-0.17885903672851344
-0.21535224493552763
-0.39221369558216956
0.9300531302540285
-0.09363285504315155
-0.6362742602219067
0.7713068703084709
0.9906398882367067
-0.16517770284109723
0.19369042945431825
0.7782612872858503
-0.06570774684793035
-0.2415690128614354
0.6521058689108932
-0.16936321511450125
0.5813397804151426
0.8933173671794503
0.5035603994332805
0.5316373785914117
0.39556473258969915
-0.3306571319366203
0.7791896288810969
0.5572021530529656
-0.2602943025365636
-0.6485357848494502
0.6897362826998992
-0.029096571650615077
0.9037172747031454
-0.29864302525037756
0.6131747095878302
-0.03635698637566276
0.4541452320703181
-0.8392250761281717
0.5731334915407851
-0.6972523696571995
0.8849923635702757
0.8670570655177632
-0.6357884142058443
0.4871611499314057
0.46523339813125175
0.3211240365153887
-0.4019272479566671
-0.19314492170249498
-0.06876701024679632
0.1498068387952245
0.03991525108967764
0.9099086141238122
-0.9132896621515332
-0.01295771648217614
0.35081375596503106
-0.8905512499775572
-0.38005361176789876
0.8781282161153401
0.03481296790427235
-0.10826300035327385
0.2890997922396925
0.5055269431002947
0.5596739332258189
0.38790057421641677
0.8187790180107963
0.6080883515461368
0.5528931439144871
-0.9444117542150845
0.5776620109395301
0.983257308338302
-0.9953758990344808
0.5744252853688008
-0.3799676290146683
-0.1667190127049334
-0.2226488824891193
0.9250439976068967
-0.4234008341297164
0.6568307905203612
-0.23186457023185247
0.7817151551490944
0.35451928833996793
-0.8768686545053896
0.6914245217846005
-0.3335874233370053
-0.6789805323771314
0.42362284404702066
-0.7432118040254647
0.7105325907273381
0.07649501735048592
0.09218096917239116
-0.8213702232214877
0.8471046799399413
-0.3805774120658214
-0.04490400495998581
0.019715196476558505
-0.769792730323531
-0.55900115107183
-0.6492932207714714
-0.05370595960810909
0.867679399513352
0.8423074164520008
-0.33054588839363364
0.7927933875525681
0.4804760677206148
0.18554926394885474
-0.2234601244015697
-0.844017429022127
0.7280697063254407
-0.7522050916996921
0.9754255084407797
0.9742990514729086
0.925794307569068
-0.788637169472761
0.13327131592875174
-0.8407213589835396
0.7336165331655875
0.14149448095241723
-0.6737888108009629
0.15523604892363774
-0.18450891134296832
0.7991765081433886
0.915183165343294
-0.990885798317783
-0.3238242120183914
0.39250005415216527
-0.6249586874828772
0.2815462456899238
-0.5749637743378608
0.8432956073478983
0.44586140089397697
-0.581838105785629
0.056355887208338507
-0.9152317266397856
-0.08490121008347007
-0.029439217874589918
-0.34602495795609367
-0.5988262284771362
-0.45690700231911174
-0.601141543524909
-0.282106530576107
-0.7485909010695697
-0.8882966491480466
-0.2061594316594073
-0.47635952423133165
0.904493103060928
-0.4300769929963908
-0.3268460322242086
-0.9607189768036359
-0.6089870652727445
0.370609094028588
0.47981947533040037
0.6634695552348588
0.22379413926710967
-0.8455523460466572
0.9011927446091061
0.43865994605684544
0.0018464858717783805
-0.9002735563077504
0.24577298264104708
0.8931260970320021
-0.3476381729729283
0.09677784015073487
-0.5471420239778644
0.5155457892372692
0.4240626646221455
0.8292078630528807
-0.48847179630562354
0.42935119833175084
0.836703484246736
-0.9094577080234201
-0.6822915782443226
0.7675611098462605
0.661182008144455
0.1037095214361814
0.9517346945198359
0.865265944400242
-0.7797663177693264
0.06724238436724739
0.30805881320361106
-0.5622886991132556
0.9019884662878501
-0.23697729840555648
0.7151969196268746
-0.6390503584010241
0.3155046426050201
0.8100288509986193
-0.3689779772696056
0.5062013544848958
-0.5969522127427471
-0.22939956738881628
-0.344928379444958
-0.8172696229341454
0.7030025930568993
-0.30747239087724365
-0.9363333985310929
-0.7289681233955316
0.22559350237776687
-0.4173651933356206
-0.021282755445247714
-0.7060272949732644
-0.08200394115298693
0.6316843616631893
0.11512088782269725
0.325289780451848
0.7891362393417414
0.5757678037289005
0.6865588522076067
0.6936845700919345
0.06478335911792321
0.043152460787540425
0.7350787553448381
-0.01191667634443827
0.6677949189167516
-0.27130208200092776
0.18020924951383854
0.056958028252255044
-0.9794937313566254
-0.6325592125764934
-0.46836058661786373
0.917675318849958
-0.5358173375381883
0.508170725163704
0.5723563839948775
-0.5332754516376825
0.5664042175281903
0.4499513524774219
0.6342352342520032
0.5799349474770301
0.04823511037249162
0.5500205119911865
-0.8762925025092327
-0.3177073037731222
-0.7611555546889146
0.12751425206556832
0.7557773624107611
0.9896992270509586
-0.04346355700240956
0.6008692859126783
-0.32445322131956744
-0.0704234973524791
-0.03070880419025257
0.12360943882193709
0.2491065367151255
-0.5901105919740792
0.628394999327899
-0.3723605342602292
0.0557067823993993
-0.7016026852382331
-0.45198546795768757
0.4529495479598553
-0.2142623272367361
0.9295068932581889
0.33438264472653056
-0.3864854321600051
-0.8557712106024202
-0.1617004743269581
-0.6115173959163656
-0.6139518977910732
0.45361600190656093
0.5797673814445494
-0.5316578433220602
-0.6351771210841202
0.13512305912519662
-0.7001396362447487
0.022884998977002136
0.9357879026934415
0.13801157975708223
-0.6292601549541819
-0.10416563797137157
-0.33009013572088164
0.31727139967069595
-0.5692367096633044
-0.5282677834816798
0.9198094076155257
-0.10276312931012477
-0.35626317852970946
-0.7546677078486963
-0.24619305600607277
-0.32240221113291545
0.35832686757312726
0.518817545008863
0.592931545300843
-0.9499415715590365
-0.5336197414094797
-0.513248868964941
0.5774405443678969
0.5155085494930167
0.06655065027104023
0.2575193886340572
-0.6198770557711111
-0.876188830496569
0.9000880469403059
0.7947473480882445
-0.24042555533799437
0.04650362291778043
0.8617265715777855
-0.2188199876737169
-0.21494897680020508
0.27254031392356404
0.5061716114753638
0.18061876008728728
-0.46534750737061215
0.4192573478962993
0.3679387924943618
-0.5130342064088875
-0.5221678396253497
0.5580867305546784
-0.5441711355934358
0.918568580464602
-0.10257519280283467
0.7905484689228408
-0.9288839440916543
-0.8456756632288371
0.6121652529691404
0.3958724949426231
-0.6505611417408019
-0.8927473766113077
-0.6617983272596153
0.3612079238400765
-0.9122621170404672
0.6374971590740799
0.2089443147006269
-0.36682997753587054
0.28698306827962816
-0.6147239153351924
0.12801001380573163
-0.6246218302487303
0.8328094511777968
0.5235512881253166
-0.0600814603497033
-0.7858391555270758
-0.0945772745990181
0.42426471877719574
-0.8451167798162136
-0.7460304227706027
-0.3159329036163889
-0.10007361087323963
-0.22396947198090666
-0.27546681882785506
-0.5114503977091243
-0.8771452695434576
-0.8189874292688737
-0.7366026066313509
0.8683731956414236
0.04710839423546154
-0.6377477135057517
-0.6980571694591822
0.747268588462837
0.7136227052224982
-0.9039396026140747
0.6878419368775941
-0.13881889933536629
-0.04363032124801536
-0.7291833517921953
0.8475768062707092
-0.7407134931278463
-0.7399057909424069
-0.7104807702696394
0.8293748550794839
0.6800845890208631
-0.6963550641130709
-0.30012364168332506
-0.11415400272395093
-0.3062065295239489
0.6459386585060545
0.06084579426752468
-0.47535822193598687
-0.9592026919274892
0.7910218935564386
0.2588739071546784
0.7580525333518888
0.7144115829001971
0.7082863804403607
0.1898963152864508
0.19823275242017369
0.2785199215166987
0.4561969958476364
0.9969338885573806
-0.2547703101159893
0.5414152852840535
-0.5537771853343363
-0.07969599430430008
0.27731073456231004
0.5684742111150911
0.7616130708885684
-0.2904813242649795
-0.8125047707434352
-0.665829335274601
0.6786818098152114
-0.7362435641956027
0.1541498833460071
0.47591460397301644
-0.2579571509711529
-0.03411067387268196
-0.7023514263218242
-0.08831396835218164
0.34416964783660275
0.028432908724743244
0.8282060887167788
-0.7447219279133752
0.26298201996620807
-0.14275383707968547
-0.802418516864658
0.4094825492507439
0.38489140428855273
0.018360175375468968
0.09717019705935215
0.0680500408432485
0.1992301615596881
0.06360046723072155
-0.22883007264221722
0.11405771245885532
-0.32237053558279305
-0.18592620093206236
-0.7300173924739233
0.9233198198448409
0.35306154959713565
-0.7501398520072919
-0.19630671446052173
0.42304771057543067
-0.9313304599073449
-0.00494843291170266
-0.07088972173369656
-0.9875757229906175
0.35142831082289905
0.011234025711100992
-0.5530778303463235
0.8321401706287814
-0.49906655640098974
0.27873398488022594
-0.2363828486637476
0.8281561373767004
0.7505696896305449
0.9084695393562041
0.8114784131892459
-0.9328999702712089
0.28479034979517115
-0.14820301004042347
-0.8636018902580886
-0.9085307429711287
-0.8484392085932224
0.09849374055058768
-0.3131423835818099
-0.19428685411591595
0.9764799473194581
0.9514388606539586
0.4781528135084585
0.6553282436398149
0.16225434678084238
0.6680627456755299
0.13540765919442
0.865825595936621
0.06760208527497302
0.538461148464775
0.3402383359359338
-0.5847835072739966
0.7752417744519582
0.5086640078250577
0.0015969299001969972
0.651824632027272
-0.356911210963214
0.30864128309825456
-0.9570951468660642
0.58204829955703
-0.8254474643583662
0.05492845188477302
-0.13086937416328248
-0.38242689801610963
-0.9771202353847308
0.5389686951938091
0.7363808751797141
-0.8500216770151174
0.7473297234148735
-0.7494466301371525
0.40091101596516965
-0.585339766983012
0.6371389349445278
-0.6906403814746964
-0.014085407467113065
0.8746275120882443
-0.7279561207011653
-0.3172379001915986
0.17401867958393713
-0.0562768233320583
-0.2315414327591132
-0.21767784669324586
0.3534534424731164
0.7471889969460108
0.8228515620134877
0.9316537416468207
0.07083035120927939
0.3599718645128176
-0.14227931035208874
0.959008065436536
0.9572074243780802
-0.8652073434059955
0.048618367058630874
-0.7950778865090375
0.3823026967400278
0.0062543357580227
0.9760025004101216
0.12356917340818163
-0.8799897159754022
0.15933812727701246
0.9354802469425278
-0.01311815022125784
0.5274227589007534
-0.5580562864916259
-0.6388956355302808
0.5439902064526694
0.10777164176311871
0.11240913490867999
-0.001072444945824813
-0.4868386584817599
0.5904990371419225
-0.24652219182765522
0.03944151845969257
-0.7375866644980926
-0.018833567304493704
-0.272979657595553
-0.15163208795051908
0.40328383449781824
-0.7441881173960596
0.4197960059250443
-0.9587650292323084
0.034388741264424594
0.3526780781846952
0.30599222631621603
0.3453270179276442
-0.5935184029315146
0.9596077344584455
-0.1789848538951504
0.3776191720374833
-0.8310278119814969
0.14328990512374262
0.3123519950896523
0.8515730904072634
-0.9710424692938973
-0.15737356117169754
0.13680121585419647
0.7648392939055773
0.2882590405351735
0.18682255342786336
-0.02548473877992241
0.9351692279846697
0.867054757855624
-0.056496849811568106
-0.27050736283870624
0.5317142232359535
-0.5669081003697507
-0.6274038238658028
-0.37205761283876226
-0.8982611917857939
0.8017991839130338
0.10859519151814934
0.9199261095515967
-0.1535418399275461
0.8712701215608878
-0.3358718679663504
0.40956835493386134
0.16731016992322867
0.3754173571093482
-0.1821900622281709
-0.8257816457596641
-0.0038741900575862687
-0.9526742655182769
-0.6734634102079495
0.37112307409384226
0.9449722818135349
0.6899243229876029
-0.5291008724142543
0.7469868193829396
-0.03476544376677548
0.4273105465154432
-0.8584524134282048
-0.6218361163868604
0.8517908194498243
0.6356783079673975
0.7261643486098652
0.5988313531996359
0.1827819421076169
-0.29234828092560905
-0.4397333714643201
-0.031545861587932045
0.45142436379167417
-0.19559641676261963
-0.3110700503755972
-0.9174850228933278
-0.08664954978973682
-0.20320368338406025
-0.007822719847721649
-0.576641502282961
-0.8842498705918094
-0.033704664300122644
-0.005400492951304514
0.17977310548024317
-0.0703511482572785
-0.9648527903147974
-0.37532053557409095
0.5523868477817901
-0.2912584959238478
0.5775206661784398
-0.6578200971130896
0.8758637772131628
-0.27885487444442836
-0.4988919481804679
-0.7109856725824613
-0.20987440067165664
0.5673050649357405
0.06269815391427525
0.1104114102143996
-0.8395688504056436
-0.31984330142489337
0.30698477401649504
-0.33013695931741793
-0.10260956325895143
-0.11526687707024785
0.3742800384549754
0.8793098729042199
0.9872560188738391
0.27241338940562865
0.7773677689692713
0.1310305240111671
0.0497077937773267
0.7241840413372307
0.6063397533530268
-0.48706804026639383
-0.5508118466307741
-0.997247206071235
0.9081435238250779
0.7209131132637079
-0.35027661159750667
-0.7162239985288124
0.9188197693145941
0.11735588978175282
-0.2645294792652406
-0.5980091574771735
0.5127759929310765
-0.8141539749241387
-0.34033541477617524
-0.5837391991874392
0.5697151344102309
-0.6589450572449249
-0.04422686946427046
-0.8812513989212631
-0.20432875038937603
-0.5848413899072114
-0.4996470590552611
-0.1047405890955373
0.8133110606312797
-0.3374513511357984
0.826837793715955
0.9390167340118847
0.9032036595638255
-0.6421666626447609
-0.36261178719326725
0.38892953264315233
-0.43764324401998644
-0.9414554086083753
0.1388318676224265
-0.39754517244163945
0.8084741586417128
0.48550435161213956
0.16695987125614842
0.39579499995886613
-0.4664697500757713
-0.3793288031973132
0.9367646962245135
0.5945815821801537
-0.9254684841545231
0.06038915628829211
0.0189859015194338
0.03143997548360433
0.9310175038651376
-0.6598262128628269
-0.6154583401944835
-0.23816508473756715
0.17085179457207356
0.4386030409016253
-0.7113850372892347
0.6625963358373503
-0.9975293301215145
-0.804594007655437
0.10175733258018993
-0.8600519854709023
-0.0032357367806250537
-0.9409425641616869
0.6210388625121264
-0.756795863286418
0.3866333450642807
-0.6339992362887943
0.8726363982847145
-0.7297353688146639
0.2993585830746126
-0.7629371138518115
0.1266299810558309
0.31492754627420916
0.03138271312901164
0.8739140764706272
0.312255709533211
-0.9655921834550127
-0.5816143074988871
-0.16288073146577742
-0.5770982108345755
0.35955727424581463
-0.865034715034938
0.5666404991867002
-0.7485548728505871
0.5716493570742083
-0.5667127701274026
0.42202362050791953
-0.8224145774653182
-0.36155813163398753
-0.5508073272912102
-0.5979369472170486
0.8227332543180861
-0.491236285973524
0.37200218296060883
-0.17105121414849633
0.8444472956342297
-0.5952659039178572
-0.6458178404839208
0.05447213707778209
0.7261441670539783
0.7395947587681995
-0.571783162638426
0.49674202277623203
0.5575345058555259
-0.43494398419864444
0.6998821462303124
-0.43812144359387717
-0.17716527122932924
0.15447407821970716
-0.568911482699139
-0.016643325978645374
0.6724577705630352
-0.4524050931442254
-0.019860604341629395
0.8228527418863238
-0.025844563177199742
-0.8193204551487672
-0.6234786955219682
0.259800199827106
0.9879457325464898
-0.6440156551268126
0.9239070082389442
-0.6084227834530922
0.8421878358282902
0.6362352673198892
0.012894434582141567
0.2737178175806707
0.8028907188681615
0.547666394217821
-0.4066136994138154
0.981784030178062
-0.7356726723187694
-0.9703590671718312
-0.1837162939209831
-0.028939247406821522
0.6285551636199016
0.7064977386032507
-0.6113042231221426
0.2515019258008422
0.11055318841265716
0.5598149697291261
0.7921079040981953
-0.11679717697256908
-0.4024480881587611
-0.9448729827951079
0.138776508773095
-0.4821542338350986
-0.28009581034129605
0.8293241053206244
0.690087231991074
0.7297209543124568
-0.5216588184230573
-0.958409464479788
0.9957203204569005
-0.6976099421668844
0.5633222819113832
0.7297322766186807
-0.127274007164641
0.92477374003587
0.16397029354281045
0.36016658530050827
0.3874452118923666
0.5012178426532181
0.29343877532565665
0.9764324269886004
0.9630905651103316
0.8322555721969331
0.7604909018172654
-0.4239273865299107
-0.008672249820956157
-0.6568346538327596
-0.397678258667727
-0.7503739501328996
0.7964724694728715
-0.5140717454230186
0.918766297146552
0.2828136246656672
-0.48955190329680986
0.21869814277429223
0.42320710386202
0.5357067055417302
-0.45671129234831787
0.6360058460785454
0.4002087369517773
-0.030667199346569474
-0.5542708898410122
-0.3306087828289872
0.47693549378423983
-0.7498676213126607
-0.27341329969549477
-0.9860256273555015
-0.5692050615341524
-0.5576193524041808
0.6682467531877774
0.9125299894249488
0.5843629269275412
-0.6732418933892723
-0.059832084245043715
-0.9955900603483798
0.46588246411282785
0.4003877071683557
0.8981636519889198
-0.5353874964756447
-0.4779569848113181
0.6380711732393853
-0.1761969000760102
-0.5735416269635945
-0.3511086382861115
0.21657223877887155
0.6392683795249097
-0.8342296565942211
-0.8444534876812377
-0.6857897040726617
0.8142290278527309
0.7763211518688617
-0.16906585461975698
-0.38133809961741894
0.5019709593149635
0.9940107481389429
-0.11274816205859728
-0.7641213339501931
0.5520126252053372
-0.9403737946764694
0.8390675937041034
0.9126476639422398
-0.12237467867085372
-0.23285345906228327
0.3935319614126418
-0.20606832643365025
-0.7147120739781716
-0.3165175374737774
-0.4379470048212817
-0.6038664335600259
0.160653091308945
0.04933095768262441
-0.665553805314677
0.19644256250727654
-0.44668616615743173
-0.18034095296123254
-0.8013974399514066
-0.5281632448689906
0.241173911582649
-0.8469135459151624
-0.4635178638548869
0.10794252404691473
0.7011928296757124
-0.6763160753989326
0.3754935973449194
-0.8423538760932971
0.02797534434315274
0.35672351803305724
-0.5029681178297354
0.5274606110796576
0.5398613882621435
-0.8889237335998676
-0.7934943926184923
-0.06117188771884208
-0.6092165825842175
0.9353128405328446
-0.913586897307731
-0.9502674191565033
0.27691126224499185
0.2905122342081379
0.13919097337123243
0.24312837852235702
-0.5576058392718029
0.4218941732028698
-0.8885784715308602
0.48315412851807915
-0.47781911931497567
0.001583194153200962
0.7238887550802704
-0.4976686549589897
-0.7836414114064443
-0.8820676837847046
-0.22987073341716768
-0.18781997496763947
0.4243742138211881
0.14744228644016633
-0.40946041172203773
0.8378241002856042
-0.1643955761307967
0.6170678913747729
-0.13078386491195815
-0.8826982110783987
0.4659497905442058
-0.07517430309501272
-0.07238602503201608
-0.5671556020457151
-0.39766811548553216
-0.27814045312052493
-0.8027631502322727
0.9940617048142899
-0.6706296293034195
0.6171952424443594
0.5646549637829563
-0.855566578054741
-0.46811208884078037
-0.9227896424558286
0.7697110755472103
0.20411927265008623
0.22230094361369424
0.3512311488252353
-0.8652507552856572
0.9662191805952467
0.1443092623523976
-0.9196751547652129
-0.7089754397820593
0.9806804153525477
0.09021256232535158
-0.5052705176814742
-0.35672961362700484
0.38725212063772396
0.98566907863974
0.8352040510751713
-0.18491941003369283
0.7009837738740108
0.7288909836696997
-0.3671084369966717
0.10078379285266359
0.9255215202917018
0.9215333273428896
-0.4455856866246415
-0.6294940926603223
-0.3303990281790612
-0.19725979888012435
0.3367862929809362
0.7633895004254572
-0.5633297378814046
-0.2082628451346149
0.1154818716581163
0.6941495699055129
0.7862910625167343
-0.5901267004464457
-0.33417815698868614
-0.13785230530882564
-0.15600323556421136
-0.44888998730399066
-0.5512936785064013
-0.5373977120497875
0.3863068609089493
0.8222653631172556
-0.6648783725649807
0.3915775169685889
0.24833171208428362
-0.9035606133227914
0.3344380572254442
-0.9645936469068535
-0.7683408002078127
0.547835590426238
-0.7869010914859202
0.1557248506706992
0.8006637183658978
0.5747432817668565
0.08012533401360833
-0.7475508564022106
0.40931097694409835
0.47675530496567986
-0.523325331966473
-0.4866522678214362
-0.31938066893511574
0.9140269542192503
-0.3592222994469414
-0.842788374550834
0.9628674403160284
-0.7796508388929535
-0.6906058372557804
0.8325312390051456
-0.17158574601915966
0.4138631210169956
0.7954936693428227
0.7593990030295474
-0.10689559559343409
-0.8886029472060739
-0.32924695288895034
-0.10453953166325691
0.7206432629014348
-0.8826825580500051
0.48273726666459194
-0.5411428171954185
-0.30232712218335256
0.3889774035351472
-0.393193770836175
0.44168469434653956
-0.4380236569700491
-0.9157850026061551
