3
27
18
9
0.1365255709732528
0.06976995105859408
0.09922080830311127
0.0734072786719911
0.04371148598984427
0.1426512455012445
0.10811714391015856
0.039161875802056344
0.09931106006999532
0.2370324961432571
0.14832359442711046
0.06548542279844345
0.04996807951622859
0.04276334694033973
0.07544071294261671
0.05546118068190457
0.06411981252316264
0.0882674604519495
0.9353749382567705
0.966475592522457
0.9628284148284203
0.9091989247775472
0.9667711573716925
0.948668747176875
0.9759012676849461
0.9535507850993903
0.9095364345343844
0.9566518235948451
0.7394705583996618
0.9291878462325903
0.9432994755337878
0.9439123118110193
0.9551621956869414
0.9346072576689026
0.9653043658465238
0.9313287108365299
0.9521115211395766
0.9489452063881388
0.952575152237727
0.90953702028886
0.9332046547253613
0.9694346705629853
0.9727768672987619
0.9541427149381785
0.9665755508859789
0.9766326700615791
0.8584144068658456
0.9384686478183444
0.95030362921581
0.9534509984704806
0.9584427938804304
0.9215782665079224
0.9646771421951091
0.6652875918437045
0.9436840225570833
0.9359793226920883
0.9298356022010124
0.9228048856167194
0.9451956252651106
0.8425645977783207
0.9457388671805484
0.9484992512997834
0.9357590816951172
0.9154139574479411
0.6356151367335702
0.9234292421291637
0.9427030831831144
0.9566053531472368
0.8801289943082589
0.9465225920666789
0.7131991094346521
0.943950811046037
0.0643400299841054
0.08105795798480843
0.029662888217893445
0.02398154316645256
0.027574136567740305
0.8259318933948468
0.03841461413215944
0.11297407735804833
0.02981977330975754
0.027160918297948984
0.03213795515183032
0.02604580582172892
0.026374253778813285
0.08070454645020758
0.023333592402858663
0.05573319968955926
0.02421636887639448
0.06577790097672957
0.9752715229567039
0.9764901727826899
0.9734023216419979
0.9670680050157813
0.9767523560731068
0.9731684269658075
0.9776307698875571
0.9750109360458055
0.9745656810855546
0.9759862622681228
0.9769081756185979
0.9753282523118094
0.9760254236934707
0.9760458397448061
0.9730138118734576
0.9680621720211318
0.9753582281718649
0.8040045997311828
0.8546874011548359
0.821050915137395
0.8276532681483348
0.8646328473960406
0.7760814959123112
0.1103526820836125
0.8530206971745601
0.6894637064150154
0.8247108769773529
0.9001919517351035
0.8608961491324457
0.8615509393850689
0.7523537151597852
0.791009067574983
0.86053449562894
0.6623849875928768
0.5297728324041264
0.1655261650199289
0.9705908093728673
0.9725362308030571
0.9686940007316883
0.9654058675395061
0.9711944186906472
0.9615878384117927
0.9685974066898644
0.9716513943812679
0.9705313859812873
0.9690958852459508
0.939839783964948
0.9603167568223471
0.9728280483185056
0.97387879972419
0.9574787140082317
0.9692544526430278
0.9630091355921824
0.9670814904427631
0.9726610959686613
0.9713203628193691
0.9180006256738619
0.9711487484655961
0.937974267159819
0.8812406658571005
0.9143217666184371
0.8253214551422958
0.9717035230649942
0.8129246400222891
0.8624894568558683
0.6981033220323796
0.9625990733602736
0.853288834763401
0.8551983523890134
0.9436431977203502
0.8068855367872451
0.9747591087179709
0.07006965100132932
0.0682434054790413
0.04127270648989626
0.04410764128499327
0.02843444294459519
0.04311872977408451
0.08535631141430038
0.14838540290719524
0.03880264227417003
0.8840525260510723
0.04355969805349958
0.030845777690833357
0.030752224549344426
0.09708709580493456
0.05559514826679399
0.05994988429897764
0.06503599034363736
0.07802454470487831
0.09879410899479825
0.26338677328793697
0.14945679156989605
0.10719915161283837
0.09539772449891143
0.3241536164319151
0.15539198715841557
0.11166748808125608
0.047030860576432805
0.2752292884577411
0.051704361533211736
0.02913248046299108
0.043667789605488894
0.09815154447325858
0.09865158850079025
0.06478308200391483
0.1018369801653287
0.04516774079839381
0.02176452412857756
0.043486558955239514
0.058774733964632585
0.03847235892336063
0.0226993688314915
0.04756638982259571
0.024011254875445195
0.040667478928725284
0.02105731911524392
0.2369303899569358
0.029025346042046315
0.03154883595144823
0.023871026891956398
0.026707208929717896
0.025892353902691026
0.02272042459335638
0.03715172602635216
0.02298715655781816
0.17669748055360993
0.21925809471280444
0.08246991137256704
0.10827999797746794
0.030935020815185194
0.419097042089042
0.09014870667719459
0.2444023970889744
0.17190811955953866
0.8903052346249319
0.15643511558365475
0.06972631453359766
0.04222378307785874
0.28205303468348314
0.05990917819149458
0.0226909394132747
0.14805020410752603
0.03543724207483729
0.029199102896225685
0.07445938434973551
0.045748626387058934
0.07100107161694018
0.027724125211445492
0.19105352707139941
0.07746317563240784
0.03103500064261215
0.0453670074135535
0.8482397662375502
0.03889832341540037
0.03169678440225296
0.02708350714214449
0.027195721119560076
0.06396319993921086
0.024824380266832417
0.08011837657498513
0.04524577575854934
0.026393151510597516
0.0303064844014527
0.027432827782365755
0.022279437427276026
0.026709723301349728
0.03987298787344023
0.02971891265804756
0.025201366697145334
0.031571604701445426
0.07059941397550461
0.03660323367220138
0.028613169020016493
0.024565731707045225
0.02503341655942254
0.026403115522239336
0.02737787396753278
0.0666138105903629
0.025533927716594594
0.02991722667964697
0.48175415069717903
0.05711764386910327
0.0460411212111875
0.044146225856169244
0.14053521209841335
0.04475741379992804
0.04504075422118772
0.03289527043757104
0.33828271677861277
0.04109295289835981
0.02283427432788121
0.026652430382214275
0.024256702835728967
0.033120392564377536
0.024595952735746395
0.04629593931848173
0.11279944772235534
0.1957326132389052
0.559010342103135
0.23232872069366578
0.09234705882607847
0.22463227912525446
0.7941190183362516
0.21587671860075652
0.18043936444651074
0.2801416200774854
0.580256675569793
0.08952966622618447
0.05923794032752264
0.05968413931492834
0.12281919485264134
0.21765047218288636
0.04435711622629512
0.07737598886430702
0.1115704329453876
0.02325675263671211
0.028504923864082564
0.026412594293091753
0.025819481144061535
0.02294743916076554
0.037496834252572886
0.026236444604831734
0.02510986625632644
0.029824641476538342
0.057872071560790064
0.027610122512287703
0.021542309412940084
0.02439603806872126
0.023678692784303852
0.0228061086438759
0.020062752290450448
0.0464612931845825
0.021235761674600354
0.9516181415662048
0.9594667787266455
0.951851256397694
0.8955215176761689
0.9528487465879204
0.9423136013264273
0.955576642764301
0.9584068766826178
0.9573385510411411
0.9435798879292941
0.9147704133423616
0.9415634980500383
0.9587960345291743
0.9525873727397491
0.9203285820578643
0.9567871272698198
0.948150686501347
0.891882959583513
0.9488471097258778
0.9282551072476484
0.9499699061360557
0.9086093429190141
0.9391592430247938
0.9130848261992054
0.9554533494419382
0.9632252341597177
0.947168929504779
0.951431596592977
0.75430967331809
0.8930386385567447
0.9078805374504824
0.9582010113519908
0.9209005359673696
0.9314006172401323
0.8908252559138063
0.8662819593658537
0.9738291833395557
0.9691276820485905
0.9700587641571864
0.958486734324703
0.9753052002791484
0.9754870621995839
0.9761855782653043
0.9772217160090636
0.9598372349617481
0.9667095416404685
0.9436175593597527
0.966608258801481
0.9697272205042732
0.9721463709697966
0.9583204995081006
0.9574117871880058
0.9709245453259367
0.9726240963236367
0.9339376714437428
0.7840397671281697
0.9129354818012749
0.6842313047176098
0.8945044153191881
0.0891626959350003
0.7485880012681758
0.8245977627974379
0.8106745004857195
0.9465860529990207
0.1539895967866424
0.820912716847686
0.5469576877664314
0.8543210187762001
0.6703392168810368
0.9337315386608175
0.19288438871345337
0.12888988009533087
0.9647544819203888
0.9704345512081325
0.9625507786210863
0.9755102472174585
0.9629490562307403
0.9663297896479184
0.97310598060458
0.9509059604511821
0.9748469410016636
0.9789176940919314
0.9707062447063773
0.9681965090990007
0.9642081848481989
0.9655703937363619
0.9763882034891724
0.9618726049355928
0.9658036885940638
0.961566873665475
0.9017490840222071
0.5404072898462563
0.8257441343835543
0.8728007029033598
0.9211428999715513
0.8790140772193025
0.9673931672555419
0.9139335357826452
0.9452892230856828
0.900173295045867
0.6456654803326772
0.842800293156398
0.8908947270920202
0.9662805523958045
0.9381207077200874
0.48519302045332996
0.18768426509576427
0.5491829221565521
0.9694604884266844
0.9590514993182755
0.9453110829850618
0.8688670096741594
0.9743574939817714
0.9700772777585902
0.9720175361416846
0.9719075013323393
0.9793915209791068
0.9767217492830419
0.9463874932889348
0.9616565196290854
0.9797472756349372
0.9718105343434584
0.964264486957926
0.977323264441633
0.9733350236838708
0.8817495978411283
0.24116532959235876
0.04502202212956567
0.19100492007533798
0.1004421458463468
0.17032261516718292
0.03288321602142131
0.29237567902872397
0.32841072073538163
0.4925643114842255
0.09167524248171066
0.04493202891299036
0.12393226952591051
0.11592110880828248
0.07770169237878927
0.11079138290397644
0.20938132484079403
0.03224365620709808
0.03243080896607672
0.976718861838756
0.9710889637854023
0.9770883773074032
0.9655004497192203
0.9772089992848425
0.9776513880255847
0.977187029790376
0.974199573561868
0.9763540414440814
0.9760067280762793
0.943934204071489
0.9641454954129066
0.9727145904529592
0.9666721917995377
0.9715831065095267
0.9712188964789825
0.9757878061556367
0.8926506140843175
0.1288100348655438
0.21452312609850302
0.0852375913617002
0.042416544012825116
0.22183475752212237
0.20274191648766804
0.41669433843876597
0.09374450614917405
0.0618288831382788
0.17744561331847028
0.04023311330876788
0.03280379804206008
0.044916245016630274
0.15579489480962863
0.058275787515278475
0.02166530119029675
0.1015895414101981
0.06558004446396637
0.08273607916583833
0.06770404796742174
0.03343850522158808
0.06333642747238478
0.122413882990165
0.03973767744313272
0.2235454809446836
0.15708564082305734
0.36916848616004083
0.11493398022902178
0.058286469648842446
0.06829633291329483
0.02
0.0754901194303965
0.03702416708105615
0.16198118331329903
0.06703673901742804
0.8799504709271325
0.07600508811232977
0.05659119441238354
0.03171594985735148
0.02138113465742847
0.0556499658046586
0.04424885748767389
0.2232119275877825
0.19008954259397529
0.6778435263701711
0.038992632898534385
0.05876052949427068
0.07219600723655588
0.02
0.9559875342187073
0.043274264372670145
0.049020321583760317
0.3432870134852621
0.2891847819362027
0.044546245729878114
0.06350729442481337
0.023461377112867523
0.02
0.10368482270702126
0.03580628074136059
0.2750886429885795
0.07688759305568132
0.3285484235100667
0.05309101859806325
0.05704428137636666
0.03669864244203345
0.02
0.07927232036032719
0.02986757496495469
0.5489990055954612
0.10667936998666455
0.9401207111462998
0.033744130257809
0.0628189225517082
0.030893230948789756
0.03025379385969561
0.034434605758673194
0.045891877004620885
0.7657479154415054
0.0787365174744147
0.6145133063912016
0.0431567315384999
0.08212091706867777
0.04254356471436226
0.02
0.29833825234816347
0.04361466333656204
0.1165827769447996
0.15977616638350228
0.40983806167074543
0.03676837494951845
0.07908412878369964
0.02765698184901801
0.023752541896407662
0.08903243459708036
0.04293302527400215
0.3657920538597345
0.21094768727800065
0.8148875301345957
0.03954067344914098
0.08507305286801292
0.02772825710281238
0.02
0.13703159393892134
0.02088973893041372
0.483969806747896
0.10576705521625297
0.9624246043308083
0.03157506060683999
0.05408833775321182
0.053450977562824936
0.02
0.048515012177380905
0.03290506960793696
0.24561515497598646
0.11329918354471541
0.691834929272266
0.03370841179035619
0.044931579756268526
0.03326656209387353
0.02
0.2394780610985331
0.053931374956361765
0.06032579459930172
0.14760583260954735
0.20152771413628695
0.04025653732493876
0.045280104160889525
0.06206307544251931
0.02
0.050040131516775256
0.024920280720337553
0.10688778349202001
0.6121452227889603
0.2520541111061108
0.032199940955027644
0.06715797203312882
0.043792735739389764
0.02
0.139834045249155
0.022967751729528144
0.0734499990921366
0.2043736453159752
0.46061547061258856
0.03879239153166233
0.047383779162266895
0.028215117411720975
0.02
0.16060093430431222
0.05847334126891463
0.09296796761367036
0.7263924333317192
0.37189779749588986
0.03955847040485424
0.06904306739898586
0.054570449150660796
0.7062275261679497
0.049599808624885826
0.03980076546214803
0.06593884247983853
0.18333482743785864
0.21098065722061876
0.11063309845827374
0.05353753522705507
0.12980235995517672
0.03765718338745235
0.11312731021195915
0.052382288465243655
0.0848415972066339
0.13900574830796666
0.9260609360446284
0.06753245067107604
0.08080446274784933
0.036089960499479275
0.02
0.19888390034394215
0.02369894614834494
0.2523793388523469
0.07213582028071623
0.152939460738049
0.1203342570580925
0.033161392548757065
0.11455796593830532
0.02
0.5596746904055951
0.11794814072671427
0.03943298413860239
0.03885656267324184
0.8057163304014621
