3
27
27
9
0.8626697767399334
0.8541528478542613
0.8560145735180135
0.8660823438267088
0.8674737767375924
0.85840168603606
0.8690689280333388
0.8712636523694395
0.8712907327663866
0.8673274173158743
0.8566572980779816
0.8504846799288253
0.8783324025989626
0.8665291784978091
0.8702411092765728
0.8596836565621767
0.8606645791923065
0.8595528080612737
0.8482290633582454
0.8549506552492171
0.8656665291973159
0.8653060817142096
0.8627407033721354
0.8526495299680547
0.8667286943764082
0.8674294092865703
0.8622319809045854
0.8567333494622482
0.8556532903832631
0.8516731583459838
0.857961070624044
0.8574657656321493
0.8464157408605272
0.851787465183412
0.8456754435633683
0.8522573138082858
0.8447236061076799
0.8580275450523811
0.8463116264651537
0.8576789154389156
0.853396358579603
0.8506663791103183
0.8547097112403567
0.8486774416848806
0.8483076905009098
0.8571716147996835
0.8359323115499697
0.8488390241377335
0.8458331347225289
0.8513073341395541
0.8488292266812993
0.8436067749703711
0.8518519900096491
0.8388437727988362
0.6962463559277365
0.6897527776065938
0.6962117807281635
0.6945092993186923
0.6946404917813821
0.7004628563621665
0.6951390055186895
0.684152049925145
0.6954216368537183
0.6871201535296366
0.6939261790086627
0.6884929958500847
0.6812905067400268
0.7052395498658626
0.6876773429180557
0.6895017672911896
0.6978466682084667
0.6989886636628989
0.6910242935067845
0.701311455496388
0.6855212895318686
0.6940185376040695
0.6885387651599439
0.6935432549446064
0.6953807687258604
0.6928850335119969
0.6887481073112576
0.9314392110039965
0.9384561949842904
0.9365556268654186
0.9381285464931481
0.9353704585021295
0.9404383963301122
0.9432071138851454
0.9320095675347109
0.9319527101672408
0.9435067399690049
0.9322664555591508
0.9387035901379073
0.9341352692842617
0.9375006189262578
0.9350246551509792
0.9403016688801024
0.9332355686907419
0.93486515514301
0.9349647738798156
0.9347131595536122
0.9324442469314805
0.9493254854921844
0.9258853922784025
0.935914132103644
0.9414595802846816
0.92892610039751
0.9395360499570873
0.8269944020559665
0.8304351462770858
0.8225598410033876
0.8318779650578103
0.8273297585863717
0.8269396970103214
0.8304785621604827
0.82994462332608
0.8254722092018167
0.8328559308792765
0.8228969612935703
0.8411881323230713
0.8258340428020589
0.84112706470925
0.824915978682404
0.8317022541249774
0.8156459389513219
0.8289625886909834
0.8288622847860315
0.8171564236018999
0.8294057360679368
0.838553563795395
0.8268376379802501
0.8307017414954528
0.8296324680761527
0.8282120243628691
0.8193691444377358
0.8698782048033448
0.88613454949574
0.8793503108018939
0.8783028952949042
0.864283664693032
0.8775952031284779
0.8807407268555553
0.8674391131336736
0.875051620688304
0.887582344220361
0.8790159803547627
0.885556111483844
0.8739849211072762
0.8859414884317154
0.881101642456179
0.8819205919610986
0.8721223580563549
0.8849544470603983
0.8659799338485856
0.8809970447356974
0.8848780723618249
0.8811506299499847
0.8784620298856387
0.8746542537160319
0.8645376062852025
0.8785308288871806
0.8922588067259803
0.8782314479169766
0.8775825364728083
0.8867691691389348
0.8943213001390511
0.8846389214978477
0.8869522825329642
0.8799446586288692
0.8831039824345126
0.8873568727005433
0.8837534061557406
0.8754035397708555
0.8895911093847197
0.8896464523958313
0.8815545078296737
0.892839439347024
0.8809253044356368
0.8745354431563853
0.8812321132389085
0.88653797011654
0.8767082023540975
0.8747538703516762
0.8755343895369686
0.8865034324223178
0.8785037133069783
0.8806193417963033
0.8832190773011718
0.8877743139718329
0.6121350421260983
0.619411908451132
0.6132060173219014
0.6211353950435383
0.6198014568466814
0.6282384145428781
0.6199557483130832
0.6242187860385572
0.6194157405649494
0.6315977419385436
0.6218088186323357
0.6182551584944469
0.6166497808003721
0.6213583637250214
0.6174191744164014
0.6138665757656874
0.613860245783179
0.6241064790764457
0.620862606413152
0.6162127793811981
0.6247223913210782
0.6201834086812329
0.6179512559329966
0.6185817287474948
0.6201250232944938
0.6206324077125107
0.6191901492733544
0.8346288588794532
0.8379541281504195
0.8327124679289586
0.8313982466374426
0.8404428681349668
0.830516349800984
0.8507461528893596
0.8465744325128691
0.8365091689806886
0.840988696138258
0.8350179466595042
0.8373801090552644
0.8425984220477504
0.825620211375727
0.8388750386514798
0.8371629316525842
0.8388534555981735
0.838586829106236
0.8355875462890635
0.8354990831421816
0.8465795661181564
0.8301854027584947
0.8362000739556467
0.8332757963293671
0.8370726425776195
0.8443840341601448
0.8455268014073772
0.8411828901993524
0.8326292293081194
0.8343405412074308
0.8302462564605136
0.833774527888258
0.8428487546549436
0.8300268685125815
0.8618591653855592
0.8522106409323477
0.8521278213250819
0.8349208482424673
0.8480343897595934
0.8352990999273621
0.8470195031515527
0.8370349790797579
0.8430112289981488
0.8321046629712158
0.8552794585991188
0.8512453322935364
0.8380771150650626
0.8449204403881175
0.8365763003972625
0.842576361644262
0.8372672053186203
0.8316175237002777
0.8314041064160828
0.8517263233259309
0.8241932509130904
0.8297440435535665
0.830824590178586
0.8096952805004711
0.8060981434747202
0.8336883373687393
0.8210348643565784
0.8213790378854706
0.8303402883421577
0.8079378801665236
0.8204973610527152
0.830669071208738
0.836589000149655
0.8214415199407119
0.8165794888641521
0.8201622585082992
0.8256002942146417
0.8297640479254056
0.8130549552783045
0.8276019078678045
0.8208387991977493
0.8287721546630815
0.8273685157488058
0.8175130873048072
0.8199813480858902
0.8307455233717862
0.8271074834871669
0.8428180683813506
0.84831790287797
0.8406754477591906
0.8332471697696842
0.8236191104271807
0.8307825891377278
0.8465106700993947
0.831294652817015
0.8329117471024382
0.8334991193221053
0.843242629644479
0.834201358375456
0.8496962844600877
0.8306524388951562
0.8283443714735809
0.8524883658327753
0.8287866311780057
0.8431841845560857
0.8399570124759975
0.838830345185096
0.8410171366277036
0.8424217815358334
0.8335980724782446
0.8282043828389277
0.8518802142246077
0.8479957219296385
0.8370173367540925
0.8418688650631058
0.8360337545025306
0.8457641184252035
0.839902033036159
0.8330941573018473
0.8359753727891679
0.8294064422831491
0.8281252081888764
0.8375987594761797
0.8459288532424758
0.8383887468111496
0.8437109042543772
0.8326001640158042
0.8461042675887764
0.838139599946391
0.8462884598021665
0.8439239491399788
0.8385109904240718
0.8337959544169612
0.8415684087389854
0.8434346227231999
0.8288655953595943
0.8451815045216828
0.8340586821401069
0.8382893293166177
0.8282309152785954
0.8213851210919525
0.816313326266146
0.8213737826605798
0.8400625474196705
0.8259200056697453
0.8277333431562132
0.8257534423015608
0.8187614841129014
0.8305300464465365
0.8109374874902214
0.833202073014349
0.8172629934233313
0.8361320366000182
0.8232829764382951
0.8322873808284117
0.8452161140361902
0.8317948418904293
0.8319000496485421
0.8307020754801386
0.8121261596007366
0.8218126671634307
0.8343384189398417
0.8146905638330729
0.8303111182254885
0.8354005106134564
0.8197876264577848
0.836675199328964
0.8266598357993412
0.842032180838017
0.8375613847132888
0.8431312783572068
0.8468470926447783
0.8433161088273939
0.8361826790170459
0.8490841119937677
0.8489171548939242
0.8427792529544602
0.8299336893675694
0.8319078388922406
0.8243536750020337
0.8333678825915689
0.8423374519537892
0.8406914477015063
0.8368773516620317
0.8424708766393029
0.839476281069225
0.8370250481278496
0.8481573563957976
0.8482052603451528
0.828957378756218
0.8327617166805615
0.8312168496007271
0.8426240566508516
0.8362329685768497
0.8339494195435997
0.8338471274327353
0.8328239802265489
0.8421176589943828
0.8282751263268793
0.8470378846127004
0.8154124744660952
0.830543139275476
0.8326631509065746
0.8375928660987882
0.8399908051916837
0.8267048524595302
0.8304396021292717
0.8230838560048812
0.8389841107489199
0.8223713116841548
0.8388024016441875
0.8329654583774834
0.8295356254047238
0.8336651018162635
0.840240306979221
0.8305483437328608
0.8334158400010911
0.8345485400394085
0.8326603909483011
0.8259448759783949
0.8310499884117302
0.8339902098679886
0.8311177924700508
0.8271253875404315
0.838774046729014
0.8453817953111031
0.8319401955876929
0.846928610817187
0.834698690620633
0.8444911628642745
0.8455744771597479
0.8389127510225266
0.8395074415285604
0.8274313402698413
0.8316747911413328
0.8457475871132463
0.8363139852695105
0.8350748024352813
0.8315037351008979
0.8278894557498795
0.8432475468290321
0.8439309281502378
0.855629910869282
0.8493964308818126
0.8251850924503193
0.8423606330256584
0.8364447106000579
0.8360814998008813
0.8319102999734529
0.842871307719786
0.8228232599430394
0.8537491527886807
0.8186609010634976
0.8273396446383896
0.8412408472700478
0.8325873869604784
0.8392574004470791
0.8401505375897762
0.8376855799896487
0.8326396287521325
0.8346340430425947
0.8318566562290964
0.8468473876428064
0.8264162110666622
0.8344826391102573
0.8302925937623229
0.8254848316788469
0.8419914857617485
0.8371540096813934
0.8455406477145245
0.8297067087274514
0.8340494315092893
0.8469194033972796
0.8265752338099269
0.8283800851336252
0.836334362797157
0.8799557405939749
0.8923742304399318
0.8897120592070975
0.8949623891980056
0.8867497550596766
0.8822717663294775
0.8933992376918373
0.8843352154356351
0.890448777589424
0.8785899243896824
0.8942767477833204
0.8767245049210829
0.8787447263739566
0.8840841336389226
0.8928704064328247
0.8774466523388261
0.8856988193393226
0.8720805129939072
0.889265144026418
0.8844622803508723
0.8845059546783295
0.8924539845942587
0.8834929772492479
0.8927221774204427
0.875932920976622
0.8842222727242661
0.8832685000633372
0.628257060670394
0.6199704822179749
0.6221953051399012
0.6205671249534528
0.6248350111888995
0.622494458981694
0.6211810728193679
0.6264111510949708
0.6195814461932659
0.6280158820154472
0.6126448296406386
0.6217567155522905
0.6215713948034471
0.6195908948194447
0.6146280151219727
0.6217744693013237
0.6192047014288264
0.6197653130154918
0.6220534886510858
0.6262544973912674
0.6217535663780095
0.6202117907246438
0.6263613874937973
0.6282065479501756
0.6163019654563351
0.6245370449965862
0.6273338873789183
0.8606364785210736
0.8612487993178869
0.8736060252672446
0.8762929578993852
0.8584741192136148
0.8538183861763146
0.8617970553908693
0.8704697084236784
0.8672226631754487
0.8742836618780772
0.863633476134883
0.8627705830414045
0.8642434174007195
0.8544594525663859
0.8680032426212171
0.8633859141868485
0.8678605242690227
0.8650578537545898
0.8632609314316595
0.868708100143266
0.86753533539684
0.8701062277963575
0.8772417043659257
0.8639951080281723
0.8705712928301165
0.8701260843774031
0.8602949931411672
0.8205710760767259
0.8304864637590327
0.8083925922715567
0.8190028605291723
0.832477714800518
0.8272187257920299
0.8254057145770343
0.8294996194379017
0.8250403093280362
0.8272429492471477
0.8233833524660779
0.8300154220089765
0.8203510827679347
0.8340302466584022
0.8374974038001392
0.8199279310252274
0.8254154582627289
0.8196449885120695
0.8267773129487409
0.8395583377269037
0.8317973412693929
0.8208975874963709
0.8257867239439921
0.8247742510700395
0.8165814414236947
0.8269507026331215
0.8241646338654207
0.8015629665910793
0.8068175253262463
0.8047249806335574
0.8028001153471472
0.8054203752633338
0.8097310738852699
0.7970415737837833
0.8030847434783411
0.803265352175303
0.805038079460657
0.8016904896268633
0.8167788300998394
0.8114257834121822
0.8095993199985942
0.8096389393424356
0.8187222747305852
0.7949552156883124
0.8151576176478399
0.8130003355417795
0.8146444063246006
0.8016725454738093
0.8063981788055358
0.8105428957729887
0.8071780691844445
0.807384365979864
0.8078165806984999
0.8190337222036636
0.6980244055511072
0.6991056598527197
0.7055340854879947
0.6983435783537998
0.7066731913591582
0.7033139168277408
0.6963312330540966
0.7003142282575335
0.7016503820849951
0.7026294724312347
0.7080672033670107
0.7035467904650445
0.6973043070239932
0.695511053437028
0.7117923001985076
0.7109111761783424
0.6981109755921334
0.6978656875538198
0.6964470752580544
0.7081450611437943
0.6920489501368271
0.6959771937479489
0.7056266361127412
0.7030317800384457
0.7089128180063676
0.708722511191976
0.6908856690488212
0.7951677900036369
0.7909904542435718
0.783229032214038
0.794640520544834
0.7846616600408745
0.7876194582325986
0.7844887745850687
0.7952932747916801
0.7938761896496858
0.7896632680129357
0.7886727743128135
0.7929517096080833
0.7800324202282568
0.7841107570766334
0.7849499911451259
0.7953049381833881
0.780460066192855
0.7946025544616719
0.7891671501800614
0.8019826080521102
0.7896077319895197
0.7826238931906082
0.7921369498307484
0.7848858051639042
0.782432171722361
0.7990789028943638
0.8052370743098975
0.642380793762688
0.645320531821192
0.6469936920041713
0.6450971300051452
0.6480360688013521
0.64677929591489
0.6455097238473393
0.6477227893419807
0.6481801930362362
0.6479990640479814
0.6482892558494058
0.6512059204202311
0.6433415566914246
0.6436395375430107
0.6403391081305929
0.648435640113562
0.6461886442857526
0.646596936193074
0.6470576577371515
0.6450876516490431
0.6420020724017838
0.6443871463667156
0.6415155222785552
0.6424265705470038
0.6462480476387913
0.6466208058749844
0.6432511821471896
0.883783364954841
0.8875869285388099
0.8901897160872422
0.8865558631186284
0.8922853643398989
0.8870362034950121
0.8832400072575401
0.8963946808358163
0.8717934939213919
0.8884522475532097
0.8887164711838577
0.8889129319019402
0.8903712189027674
0.8846422312902184
0.8877969170336868
0.8919257043474469
0.8920090033954926
0.8874779515560945
0.8892252256100616
0.8845469958047145
0.8924490587079695
0.8864101587412908
0.8819099375648674
0.8904731332630643
0.8887495807994028
0.8877773992719019
0.8846947049344609
0.8376064184133083
0.8439842264290559
0.8332830069725692
0.8343035208387536
0.8431579552239414
0.8441641594929948
0.8277034087994785
0.8196818306579491
0.8336485160524173
0.8528659496228758
0.8417752356847987
0.8377028972324928
0.8346308391588475
0.8419110143353091
0.8429585684118279
0.8510227667368053
0.8357885526163791
0.8469947076376533
0.8541089261518626
0.8404644037861331
0.8426277542620144
0.8378498357512382
0.832002737383966
0.8345448068107326
0.8396367053245147
0.8332335569250062
0.8551101127166401
0.8147068811166226
0.7913777635275849
0.8970260545400693
0.8304001838301741
0.7775700888172603
0.8305453101815343
0.8264464802969151
0.8389994333027835
0.8629104636826006
0.8135285112461059
0.7735862177873087
0.8613389884122575
0.8459120404734317
0.8682883355669474
0.8548716074862495
0.7874679757915891
0.8379931474746233
0.8617984503143057
0.8122060258349206
0.7937970288235832
0.8304030296468375
0.7902610296317886
0.8578089308241227
0.8719985503902042
0.8736713872251705
0.8324189232992938
0.8206168086742883
0.7779638887345062
0.839917787484089
0.8498922937464836
0.8694622583971089
0.8023591696722739
0.8142656919629958
0.8510482609228612
0.8382614287756203
0.8054522882706255
0.8314867971462953
0.8143646324493571
0.8741048654106169
0.8797584040349914
0.9143914499412297
0.8154598402596864
0.8754560814212439
0.8026999949426329
0.8472082292913501
0.8266113821469339
0.8447126538173869
0.8832581954817242
0.8069525419298561
0.8414899074995902
0.879719656286605
0.8433466816354889
0.8740579463821001
0.8355728149450692
0.8456218634345488
0.8491870439723945
0.8703366270078357
0.8585633663004495
0.896682765028845
0.8359049322267911
0.8107607906510262
0.8038170280326963
0.8460944238567176
0.835451280708804
0.8556507757566416
0.853536276112612
0.8190560583410472
0.8571130181986275
0.8086776676946751
0.8453999282201617
0.8191888979977815
0.8475473237942908
0.8818952358464341
0.8539492464417391
0.8988028446904986
0.8309151133670885
0.8197194401646207
0.829254606552272
0.84953140772486
0.8753794769834539
0.8736827271872509
0.846646452345779
0.8024799885991297
0.8326430404191815
0.8383919408551213
0.9249804045836273
0.8432957927359811
0.8559537654945492
0.8659613693712621
0.8381600270488525
0.8350551150402089
0.813172532201653
0.8982480216100831
0.8203884665914893
0.8661604794646754
0.8427197607944833
0.8193536217815216
0.8428509892807452
0.8677985121042109
0.8535401374187422
0.8322270844521964
0.8603103826979768
0.8669251837948266
0.8590359810968713
0.8312224983138493
0.7896153713809658
0.8220860928425546
0.8566983958277496
0.8472667896427144
0.8725527075904477
0.7885065536887095
0.7925258669979024
0.8906453110663344
0.8611105207533286
0.8199833403604744
0.8197646703587153
0.8567713084527571
0.8418515987930536
0.859160912523697
0.8486695226577186
0.8509962029216488
0.8924089939339921
0.8567188381791726
0.8184217043456652
0.8517788459426
0.8847982709890597
0.839278054942882
0.8692800694352291
0.8559728569208842
0.8369073637804637
0.8497822691771075
0.8186659164678214
0.8517898659384354
0.8265837089862306
0.8785960078923614
0.8087187037863846
0.8434521859186219
0.8369842534999801
0.8962086386275983
0.8228701539056976
0.8205095756572933
0.8445289989893622
0.8524592763667197
0.82108708122927
0.8594456990468471
0.8027500057810077
0.8497110168903221
0.8655941237597228
0.8341784689852393
0.8417914103605167
0.8641162078669308
0.8119977526053832
0.8720608217788898
0.8863783607307026
0.8258292410030649
0.8395196684278367
0.8454504230781129
0.8514536753723155
0.8114514501384342
0.8735404527530857
0.8174509241160617
0.8069404367011507
0.8018767137588441
0.8463145220025876
0.8403007205555487
0.8637861578337868
0.8814113376876265
0.8222783487893403
0.8434382665317391
0.8346855860997611
0.8631725921137025
0.8588085492475823
0.8467907035774206
0.870129743443252
0.7989076003728938
0.8761335875243448
0.8675025652595781
0.7992468616768097
0.8196333559268403
0.8453715962380172
0.8481248592578192
0.8490411635022946
0.8891579048760769
0.8358454217869313
0.8333450920363923
0.819282641280323
0.8776513173109426
0.858781969623938
0.8719040076774651
0.8106171359665715
0.8389055070408103
0.8596076285589231
0.8241177768451723
0.8161323998171887
0.7917678365060251
0.8709604899258262
0.8347306444358976
0.86319531248793
0.8079992424227047
0.8061064203957119
0.8399503962454635
0.850601936437664
0.862928862438982
0.851813228752336
0.8475098007886634
0.7879956720123533
0.8687093753800628
0.8291228176906663
0.8194810778717201
0.8534946284926086
0.8740593385218711
0.8095950681177274
0.8384702395324227
0.864538148336604
0.8590574314333199
0.7998823144092421
0.8616384015094946
0.8664199988504684
0.8739767768172966
0.8606145169230074
0.8280509818146203
0.8524673617841151
0.8564429732973594
0.8177747224993428
0.8758945209044668
0.8603168361182933
0.8800289504473825
0.8674236889003353
0.7983074514162714
0.8597190078837084
0.8293478596963008
0.8019825531609636
0.8472184205994118
0.8167556252206499
0.8194355911704844
0.8263781992021014
0.8787241158114277
0.8369545476235508
0.8371155145559382
0.8430423948866652
0.8023983600596032
0.8162774110755071
0.8924894197896083
0.8525378639098647
0.8285857076335527
0.8834521965578446
0.8458342346249262
0.854726716592038
0.8419445560715187
0.8391805750022057
0.8346630589286599
0.8569045245620089
