3
27
18
9
0.576561778482637
0.262941145148841
0.22524730591229256
0.35539052939233096
0.24561380919779802
0.42043834669271485
0.26160814969237645
0.34419015665016944
0.2711990974920132
0.3419580184912835
0.37021138564128464
0.24995361779178668
0.4962071855498601
0.09040967063274469
0.20336254288090863
0.11435910029421306
0.4621084671938994
0.8866723599146464
0.29296510296573747
0.14594953748140613
0.5320969846507941
0.4140347799257872
0.2561934265431779
0.3762466640196099
0.2342008641338253
0.37318318259646105
0.42135439279243286
0.6836892202562757
0.30565125235522206
0.3372369379209329
0.6629082841077094
0.3027273703687188
0.2390341521689282
0.3227465530958882
0.9152498377449768
0.5179664231211997
0.9649923549773743
0.8750374615424336
0.9431048957642466
0.9299336506989588
0.2411424142433287
0.9398256609205194
0.909663120630573
0.9466624820782126
0.6999108333320774
0.8558632945508214
0.9654410686038762
0.8754578152247169
0.9642812771133519
0.9224422386834652
0.8897099771014321
0.8913397398992032
0.951987990852049
0.9304496459007308
0.9654185683709402
0.9680428232942365
0.9618382239686893
0.9614216067577015
0.9733807341624587
0.9676705413623438
0.9718051331941125
0.9673366568455668
0.9669823844392842
0.9685215391335039
0.9692250749635036
0.9648321263556496
0.9531432159215147
0.9681089770664719
0.9692553992788824
0.9647512126482981
0.9645337690239576
0.9622899458002327
0.3488552620029831
0.0867387011173972
0.053876427554313225
0.0535340564408418
0.049315644298531525
0.15306448109132964
0.035357389928604405
0.03977218613115495
0.10113678935263438
0.3153185435863874
0.06989605911392446
0.0846522453180381
0.06343378732772052
0.19467864432362877
0.05462392199716911
0.10845467049029456
0.12083386106123165
0.8826998459289429
0.9774147691633313
0.9795908729945889
0.979996849707769
0.9798767931602667
0.9652367633162928
0.9782478490001965
0.9791416701612414
0.9762235311196604
0.9595294779066572
0.9791116652282706
0.9798164428280395
0.9741292066673566
0.9660643207780506
0.9655470619018678
0.9797201550044675
0.9194442338868161
0.9794832969700509
0.9799556789508975
0.9595735222836016
0.9586898598362664
0.9648164004511454
0.964491227982197
0.9683880065957459
0.955556181340889
0.9687863653203471
0.9550810453551182
0.9549193519039973
0.9614720607153847
0.9651926473944336
0.9688091703241105
0.9551285507324258
0.9659220682027069
0.9626696945170851
0.9678266567471328
0.9616752129813236
0.960808451256246
0.98
0.98
0.98
0.98
0.98
0.98
0.98
0.98
0.98
0.98
0.98
0.98
0.98
0.98
0.98
0.98
0.98
0.98
0.20147882583326804
0.10805643544912166
0.09702159926301776
0.0966535973777586
0.16345736486520948
0.17590826772642848
0.06220916719925322
0.09603550635324047
0.1458781357729444
0.19443577875464113
0.09800850772969873
0.1570659222832515
0.10056875847996469
0.6004749092315664
0.13722560544905327
0.18397369545109976
0.22846247845486223
0.6338044703706246
0.8783545092875403
0.6734359088831785
0.30358296551890296
0.3941854366883697
0.5417636578091787
0.7549721018286654
0.3043353328409234
0.7599517496638272
0.6023422415321493
0.7624076743398014
0.45709865397366134
0.5774333665068885
0.5540928758176958
0.9092197820882629
0.6423241261097503
0.7736943723500354
0.7736983106135737
0.9441548664570891
0.8858745809920924
0.6874621455286266
0.33585570832948586
0.35643912233057506
0.7331187302086625
0.7728408305123148
0.3850814973852949
0.6957001570295379
0.7341749541717557
0.8791544485699907
0.4739743049748158
0.7860870986518226
0.4738261095476275
0.9665814810609393
0.8041228224964375
0.8373538662463094
0.8420372574558729
0.9631953926680489
0.5625113206595783
0.0924681755062082
0.0442881625076643
0.0941516744321348
0.11569686628647523
0.20911369760624945
0.06394856991444721
0.05895401820170396
0.1762134490443324
0.7004426875861075
0.09898187158009758
0.12533631636958384
0.15883293946063648
0.4677507020890696
0.09508978998263391
0.22385224160186862
0.3041040706040569
0.9459641804725099
0.8163702767791554
0.10805754353552023
0.11384446967731601
0.15251253887927374
0.25613471875997823
0.1726602027992143
0.1373286045428341
0.11230082907972275
0.19854567428562334
0.5399797990160587
0.15939443941503859
0.16922326194178336
0.2857070486994964
0.29698580800610425
0.14585294950487832
0.45119305015400357
0.2418834617001304
0.9784766101123845
0.18476852218010922
0.10870429607408474
0.08794616506186505
0.09951328539267086
0.11854890736437448
0.2376800350202769
0.11342082600242791
0.10285832149465222
0.15524320207764902
0.1445371144786329
0.10316930878154908
0.08905189974668946
0.1690377356381094
0.12024555067048553
0.16148335676101
0.2196152331614787
0.19977774324422018
0.3962055954367307
0.7148288647136818
0.08644294740647676
0.04891123931046449
0.07785212159182088
0.07428344100084458
0.08259100997112143
0.0652037353566956
0.03858791041948535
0.08437676356263778
0.7509501010446971
0.035806219117394504
0.06343387778890296
0.25285367019142285
0.11631558683421385
0.09411087379638722
0.10522154039592199
0.36341436382948006
0.9508887636444189
0.3143932792467882
0.11535924998288918
0.07291523170441397
0.06257323383204738
0.19863545924144607
0.1663602498864909
0.10239394390533324
0.05833468126133291
0.1088266051108496
0.2551053172111424
0.06624819535718485
0.17419062938068544
0.07698552365730364
0.7099440588660154
0.079058234636238
0.43701202680645373
0.21824379964600057
0.7160600786120748
0.6323723497724892
0.04287823183235979
0.07951988477662185
0.03473719870296807
0.1970420035978269
0.38490635400724615
0.07666647570229403
0.06873576480550549
0.20171992824105117
0.3957304434666864
0.04489997793027522
0.3273163762336626
0.3719507935656695
0.8659187497307095
0.07642565602550305
0.20617449048051784
0.182714177561414
0.9367880383103393
0.33004093969612674
0.09262822281936971
0.04769938777788712
0.07727116797396776
0.08994004149614704
0.027526471634393673
0.04606800635053062
0.04780693227672602
0.13123550559487507
0.2592200396521565
0.05771286636072576
0.1363694707359374
0.05901088175913933
0.16507356227495143
0.08300348278629843
0.1786237162840816
0.054226193916105066
0.7642963363256026
0.9556289941478924
0.9513530393427756
0.9648577191518667
0.9603360749803073
0.9519357834030542
0.9526099476955286
0.901330746374784
0.9517921317380618
0.9545340038387442
0.9619341444474182
0.9608175795495748
0.949455300790497
0.9667955553027244
0.9501946406855764
0.9518539757090548
0.9484412211033497
0.9551225892063014
0.9619006977542682
0.933063712615965
0.4871338779446648
0.8056094367871939
0.7483966744690226
0.5060928416053266
0.952142080637896
0.8990745227876482
0.8460495789410868
0.6521993173626403
0.8337103259201671
0.9294116438252186
0.8724054016566032
0.0554527725613472
0.05748146095390118
0.8184360527421918
0.31743253580117603
0.11917582627683372
0.9357820488811582
0.8873484911268502
0.11918247690571432
0.21089422448565312
0.08647015613220627
0.1313863278649776
0.12620165443911419
0.23209411988359516
0.12916440755845032
0.07885477577701455
0.2976861224446557
0.11550741738031159
0.6608230200173443
0.1146981280564425
0.06026552445202528
0.06048426093298566
0.07884548535171483
0.15484250283290127
0.8210016528109519
0.03542864937858856
0.038478330357924896
0.028059512445755094
0.029914879079199826
0.04267613365366311
0.051430638847615645
0.03154528552162848
0.035899953310349564
0.048854212990071824
0.06015503541417726
0.028675106418974052
0.04921866975024049
0.036839013866981435
0.07247930590056789
0.04715989442707249
0.036352181840512525
0.07590367777163892
0.05430623223475313
0.9671185363201296
0.9668382723939491
0.9613427110356573
0.9674728514807897
0.9655353683495583
0.9683173412022009
0.9660366256909699
0.9667640299762414
0.9657783907465138
0.9624313523281159
0.9648205466081725
0.9647529151414862
0.9647885739431541
0.9677436866016447
0.9678001801007899
0.9701651623880462
0.9645908225737001
0.9672682848429286
0.11721500895831458
0.05010979802835715
0.04706770790550008
0.04548555625959854
0.07465828962149759
0.08167715849692607
0.06026277434523242
0.0633366906183461
0.06690039069713768
0.09548320056809907
0.06452991419624768
0.07787660084962093
0.053028142049154674
0.09871389087341864
0.057430483625359526
0.07766738750451208
0.0627986974539617
0.2701995594404964
0.9771987667982622
0.98
0.9788922649522042
0.21775919769555221
0.98
0.9776724951762248
0.6852266514265164
0.98
0.8860316201651065
0.9792262407451358
0.98
0.98
0.08472284684163406
0.6837011461399404
0.98
0.8397372410436635
0.98
0.912931961660918
0.9292050015752058
0.7329599012110659
0.7499888364009416
0.6007825357892007
0.8804918042857443
0.8401347524377081
0.9134456139640743
0.9499788590662042
0.5974181533957695
0.7747460803006007
0.9644648135016154
0.8624976029233021
0.9439063838842153
0.4520202164906765
0.8589293336626506
0.6207137336608979
0.8962102425408602
0.8767064676582526
0.2820588468713192
0.9769166114598311
0.9496063286395552
0.22800709108363384
0.534914222524443
0.7923361540686329
0.4229547820765236
0.9478692801270582
0.5433113146600674
0.8208678162603218
0.5432465430836959
0.7862590750336909
0.98
0.9384112040687114
0.98
0.8597624665379268
0.9270672541582363
0.7604200246258568
0.98
0.833375454597051
0.3338117724989042
0.7336235852340052
0.829178314984359
0.9226906952879095
0.41915866496735876
0.7781815047504697
0.828316320167933
0.9514384217266644
0.7846740440942378
0.8690301983682733
0.49424475797545975
0.9720320903444676
0.8658055312118531
0.85977179097219
0.9582081588603656
0.9758558896920116
0.21251515710891908
0.10617190925508063
0.98
0.034945546260917455
0.3581618318092125
0.98
0.8905131789857421
0.45061056687682444
0.98
0.6936853103941938
0.13678901265501164
0.98
0.21983981081818416
0.8193226957003726
0.98
0.4016211836443174
0.1289950213545165
0.9593536336026396
0.9610920487333346
0.668518975264206
0.9750299671824318
0.14311690983163253
0.7785487465092934
0.97175566563546
0.1268409365325853
0.047481630008730596
0.7858992999277367
0.6824829372211093
0.219515492299758
0.98
0.3311787223421859
0.7253886460548326
0.98
0.14967455102522464
0.6771405109952677
0.9673386105136829
0.8565901760999307
0.28906113468668176
0.98
0.04921494181311186
0.5193906605838893
0.98
0.8047058574046609
0.08962119882092208
0.98
0.8086580611389105
0.07836182685660192
0.98
0.11447455679629397
0.19200137010392784
0.98
0.9052022988664138
0.3339020989493911
0.98
0.8974925530889262
0.17747063912574265
0.9676998673789349
0.5328550123848288
0.74771151662676
0.9759256656846607
0.8609593470949287
0.10162004102334132
0.8459427911903121
0.8803792806885083
0.17847146322110471
0.98
0.25903095396038267
0.7140668526823413
0.98
0.8311552350029651
0.07470423330239133
0.9127549309813708
0.2789468707410766
0.13300096773960723
0.9603875845079906
0.08781361471606404
0.26201181974911786
0.98
0.9238903944632711
0.17871101701028363
0.9471416000788843
0.5908390735187472
0.09518538105468172
0.98
0.03224473856180792
0.20685799356797685
0.98
0.9291355648163405
0.35360000325047947
0.98
0.9666305670122727
0.25975148064517817
0.98
0.13229364565406887
0.26393127976680036
0.98
0.20893175738680278
0.05181941347029871
0.969671426717431
0.9551273645806612
0.06593908107731972
0.9727690718581766
0.03354949340377008
0.6340553802555758
0.98
0.8841422472856859
0.5728619349344053
0.98
0.17010390679356951
0.18788568545565426
0.98
0.05350655291609278
0.2566584974267488
0.98
0.9131978397773209
0.6241071904982668
0.9587381568367731
0.869485071517023
0.11902269210219185
0.98
0.08267332714514726
0.1981973992751885
0.98
0.8822033858786812
0.10412782460816294
0.98
0.7575620826688211
0.27060001185136207
0.98
0.2895998025220913
0.26371924368956134
0.98
0.8399302574668617
0.0840851196095802
0.9603218096312688
0.8258927518742084
0.06547662722135238
0.98
0.09526042498543622
0.14742137467232463
0.98
0.8975405927675141
0.2189750762926009
0.98
0.8723931902290317
0.10196225704253334
0.98
0.09806273110820021
0.2166848863668167
0.98
0.9454812226764192
0.6715965473818157
0.98
0.500038458934192
0.09306270134245316
0.98
0.035335983094326576
0.10089813443009757
0.98
0.2571726935359171
0.8600428717066816
0.98
0.8879490961728488
0.02885226892634234
0.6403480653557878
0.3443802163536557
0.12410488737799844
0.4161824708962856
0.9177802117240743
0.06004548101378827
0.5748338076998278
