3
27
27
9
0.8655926387554733
0.8642608178185514
0.8644426832046316
0.8593995380135405
0.8619009382265891
0.8612989413540815
0.8613806597560043
0.8626880372516824
0.8546599431466808
0.8587865520913852
0.8601156536564328
0.8569534390693441
0.8710255514392081
0.8687044102060066
0.8509859270755441
0.869699423007447
0.8627612174055321
0.8674878677005823
0.8524316359619967
0.8555001177042222
0.8574389725281767
0.8661512579920482
0.873870318239775
0.8593877168000426
0.8619999387046134
0.856081030764341
0.8618524920143595
0.6867591367420433
0.6809228716481772
0.6861374726287082
0.7004469535750626
0.6995927000888457
0.6875683555872377
0.6891251180407929
0.6973179442824865
0.6852879032795441
0.6944734906719535
0.6839410552626509
0.6890610809613366
0.6891998546585404
0.6862129587260528
0.6934059514973467
0.6855982413058112
0.6898258492559106
0.695004709482376
0.6831952657420419
0.6893539556262507
0.6855278347209116
0.6910086715303659
0.6745747851504454
0.6918416222365633
0.6842444913234428
0.6832068321291883
0.6943694541588885
0.8112428898999432
0.8347057790850321
0.8267629598755619
0.818503278345213
0.8227759498052722
0.8219625733258816
0.8353225576458578
0.8154892388811171
0.8179541752877214
0.8244367280995262
0.8378787775442073
0.8368486946930426
0.820916720676389
0.8214206427245145
0.8330335865387045
0.8157648168409661
0.816440410571389
0.8379734672938983
0.8215219797318614
0.8318405862540156
0.8262605901715271
0.8311865090329216
0.8195457268222329
0.8224560588424418
0.8344358257583889
0.8328286695893778
0.8175497020739222
0.805076676579185
0.8071527384080742
0.8224944819479122
0.8142874618002311
0.8167652626960706
0.8083930185049133
0.8013398278299192
0.8070829657030267
0.8086734759699635
0.8116389028442097
0.7989857609231916
0.8077723666906379
0.8216642470560181
0.8009556119258416
0.8051022813010117
0.8003176599358857
0.8229419477868366
0.815094885542227
0.8062670440792709
0.8106685572291346
0.825139867174211
0.8306289221957608
0.8087100277555352
0.8217715541794056
0.8165170475373603
0.8148922281472665
0.8094329541661149
0.840774877433855
0.8531499497963186
0.8388726507454001
0.8476433186685218
0.8339175200219027
0.853835101446607
0.8429648886548085
0.8351128184980153
0.843005323302135
0.8358864769916186
0.8323482397940927
0.838521893798694
0.8329160412011257
0.8337441278245811
0.8381424031236038
0.8417455803871821
0.8466339475120418
0.8315659962595627
0.8455455455726626
0.8410595177639592
0.8510441953843282
0.845927587338773
0.8280725160992218
0.8358109765759304
0.8453832494669136
0.8312013654465167
0.8461588062471447
0.671339639236647
0.6704156048782866
0.6688692361211691
0.6657567624637212
0.6615183485853366
0.6654377945805329
0.6604163084266468
0.6627709417315978
0.658936990394245
0.6558729804972576
0.6676563254365425
0.6641484489149926
0.6726949189209223
0.6681106857900373
0.6623452206009904
0.667213582492102
0.6708740512017639
0.66676803905077
0.6697925854187412
0.6629139730923813
0.6625678581436382
0.66614851139601
0.6573996840423708
0.6712677256303128
0.6677321103408165
0.672585216262173
0.6660645601473472
0.7906790246592321
0.798423228065835
0.794067357257353
0.7924962662515699
0.7983684528009357
0.7913523627668517
0.7880773409063185
0.7961784561415877
0.7840291231611904
0.7866917326334568
0.7903026014661698
0.7933065400158181
0.7909859456707146
0.791111680461404
0.7894899152943826
0.7837083882996049
0.7907928723270665
0.7838488501286756
0.7892687827852576
0.7875231577691912
0.7949843802337871
0.7932143637084205
0.7832002537816857
0.786243606303927
0.7898080000517206
0.7888013486536679
0.7962851108067608
0.7276605477494591
0.7232323955686979
0.7320683103976081
0.7381583849024983
0.7275324012566803
0.7327159843084085
0.7225081524987956
0.7265417621382502
0.7384317304335973
0.7271260399239702
0.7339441657889052
0.7261875613377046
0.7363200520392097
0.7292710946950866
0.727481689625684
0.723461394682857
0.7229602521616872
0.7270770498026724
0.7328557539935799
0.717055815642583
0.7271250542553195
0.7275629648345016
0.7312355269986786
0.7213153388464604
0.7314131502333768
0.7225327096228772
0.7291465510396516
0.8316213073722629
0.8295275051999956
0.8266929849982668
0.8386929562575877
0.8392536373463025
0.8384495088405218
0.8299435018938796
0.8171593256418181
0.8325420938968697
0.8346310733765107
0.8425947658696143
0.8284784961406538
0.8308269283840545
0.844739015770561
0.8470614453254072
0.8386123731525954
0.8354723406175775
0.8220743634938141
0.8333288346075507
0.8459085110023145
0.8350544805748251
0.82906758253236
0.839851678126551
0.8311185820161557
0.8329327075797337
0.8470314725273174
0.8406813966989534
0.7794266994837531
0.8033790998262293
0.7862903765790153
0.7739515094073882
0.7878522461009435
0.7815510987516864
0.8010217261576291
0.7970329029421619
0.7940731475087139
0.7926543973481591
0.8057481664388878
0.7784761464776346
0.7962460704423168
0.7820411225812005
0.7853885384658021
0.7897328636515543
0.7945920141727597
0.7931119644139709
0.7801671377549587
0.8063383612177137
0.7886036160361757
0.7835058889663634
0.7873304930118018
0.792309535963479
0.7739988728665278
0.7784202893345873
0.7762616891009783
0.7755766511883169
0.7765026233748915
0.7747257040645179
0.7769769232822261
0.7854207152080489
0.782918742109328
0.7727883389785049
0.776546197585679
0.7932926048689862
0.7825692775806802
0.7646010213113168
0.7860035110054463
0.7665939128285909
0.7683886912029785
0.7734281386231535
0.769429054347447
0.7828727884758548
0.7846851750222127
0.7835661775282856
0.7778438186784983
0.7654683101931946
0.7799357091469692
0.7808251089380696
0.7677870245294708
0.7688688972901864
0.7730382405660359
0.769970050504943
0.7870776686132878
0.7742207237418334
0.7854562244766183
0.7846605574384728
0.7917768148999268
0.7911930231385567
0.7861686393376074
0.7847491534551918
0.7878121647264321
0.7792739618423191
0.7897451478087006
0.7916094484494229
0.7851832791336348
0.7911366793898315
0.7961392195792731
0.7858896380407732
0.7822570162321868
0.7801721340541264
0.7725070639645822
0.7967586258104451
0.7939624074906192
0.7849665415283156
0.7822168854986427
0.7958999824234442
0.7798323680975017
0.7891077191030246
0.7839384833030602
0.7965192729905721
0.785259050901351
0.7810775483330162
0.7770505701947725
0.7887633563359729
0.7914798567955926
0.7784970445849037
0.7902236100317288
0.80203712334909
0.7913600557650344
0.7828225152943136
0.790326972923008
0.7842226176020947
0.7899896283243495
0.7990733413066776
0.7895541852463689
0.7865499073396991
0.785490180299163
0.7889034943514438
0.7798098468996439
0.7707843227218923
0.8062791746106877
0.7950465810275444
0.806507154921232
0.7902311380866294
0.7903183910982811
0.7905098600927064
0.7831649223529429
0.794495729522896
0.7642862775834596
0.780417126846379
0.7863146945239703
0.7909807920607959
0.7815302013160393
0.7786771791078053
0.80360552234416
0.7824848091158877
0.7862772682429932
0.787057205206156
0.7633462723651996
0.7893925233293819
0.780342466212884
0.799891700910776
0.7838852352213266
0.7856001992154872
0.7815207487681719
0.7827086064577072
0.7983453095875945
0.7617053863950093
0.791947738901435
0.7778368096561906
0.7723451166922569
0.7827984140826354
0.7866785604247568
0.7886900769588997
0.782788825289338
0.7958069888906224
0.7880565953318422
0.7811963857743185
0.7884211279851745
0.7837854168184863
0.7628317356921025
0.7853885618476625
0.801796444276316
0.7774006324108121
0.7936451863212556
0.7983234588055226
0.7961289062664768
0.7742785151049842
0.7725550747328987
0.8071949087238196
0.7887752585534463
0.7765378314149884
0.7829903470881359
0.7904676139340414
0.7820110917905343
0.7849601818127512
0.789616571025455
0.7858267163084692
0.7704784994069405
0.7822071302637693
0.7870158570613008
0.7911590247413945
0.7958689001651169
0.7769265946121212
0.7786805792101347
0.7971884622005218
0.781790134550317
0.7950778674893088
0.7929641570833272
0.7840571379954886
0.7807761706710111
0.7935870614264161
0.7837437775505024
0.805727025374763
0.776870638468499
0.7761865027436178
0.7902313274701428
0.7958373187273334
0.7813219140760945
0.7764767978902458
0.7821136878841476
0.7877063305598346
0.783729798603805
0.7898221128688804
0.8008902951864922
0.7907663962231111
0.8008759532455869
0.7789813549533254
0.7982544302977267
0.8034371632995146
0.7700657882869077
0.7873158552434
0.8044090023424962
0.7805335347534607
0.7850228406210085
0.8007995013479376
0.7988202485873788
0.8109603745700964
0.7974120122754997
0.7900519490472919
0.8009917827849373
0.7868512975232723
0.7840402316528308
0.798221689068137
0.7841331540238939
0.7888764104983245
0.792718640232666
0.7977905732407605
0.7959415541924515
0.7867507647054889
0.7954411497411432
0.8004140610030321
0.7928163501003683
0.7790081044860985
0.7962997604549101
0.7964108417017778
0.7994983379212456
0.7791955729156741
0.7850226345409151
0.7947914014878364
0.7862794110498738
0.796536100731665
0.7961747754034231
0.7970223748778397
0.7763170164954121
0.768389035463468
0.7859578874524608
0.7838418380430452
0.7824787341027908
0.7949152772372539
0.7864315144513517
0.7877693694694884
0.7739479728879892
0.7695790711570754
0.7776302850726112
0.7927576307793519
0.7811053242067197
0.7871248183986626
0.7896611373137588
0.7916075362725382
0.7762318140152761
0.8482406653235701
0.8385125925162726
0.8464800670438569
0.8365944166046952
0.8312813891415228
0.8405899544935873
0.8438424867548958
0.8446702313195816
0.8553168201440174
0.8381210861952386
0.8215504074735698
0.830222823443517
0.8516856064687963
0.8447443996135612
0.8371984743996059
0.8364348836411247
0.8238860675595863
0.8405963554601615
0.8394260076803742
0.8426061312390261
0.8389936472150422
0.8482050482604085
0.8415877921330475
0.8424909420336619
0.849126563244882
0.8374036438573825
0.8404925783277665
0.8025955319462958
0.7987158381837394
0.804793019539014
0.79864070085858
0.8063445236160407
0.821674937344226
0.8100491242913735
0.8076489038516167
0.7938517734699078
0.8105397721593584
0.8079317564541225
0.8025409791069493
0.794342664033534
0.8001761483261426
0.8058147300925728
0.8001853897622547
0.805532715128172
0.8072287248936368
0.8183921263277377
0.8016206660041663
0.7989334230131456
0.8000549364048269
0.7861475703008124
0.8146683165922154
0.8042086277551949
0.7993962323735917
0.8031630064848847
0.7308738317106839
0.7304100961396083
0.7319363931121264
0.7227711140905448
0.7419193620080302
0.7250045600189693
0.7213254932343666
0.735489153592919
0.7309157265227325
0.733948372821193
0.7273976905469501
0.7344158816352232
0.7166510892489415
0.7287065401820654
0.7209597463585615
0.7291921395080782
0.7305112606976538
0.7259365150578708
0.7318793819774477
0.7128669292799633
0.7332433827290041
0.7308355213814637
0.7318857056542974
0.724867980124839
0.7086189564202916
0.7352719973609769
0.7385533686432433
0.776988463333625
0.7809805693460053
0.7748640597418819
0.7829124352105087
0.7753001480526428
0.7793550712966759
0.7911847046284849
0.778293113803761
0.7812794834712016
0.7707952488308591
0.7770296590395813
0.7868428617250828
0.7856078644923014
0.7777777480352976
0.7812191548773313
0.7751275618373195
0.7823156252325704
0.7826919730476419
0.781859594817188
0.7741311921449848
0.7803606633252416
0.7804317836094801
0.7814048420781663
0.7820846877299559
0.7838435016690248
0.790049250268449
0.767244199318865
0.8044471843140024
0.7966488798323078
0.8132254494360771
0.793123402725842
0.8101886578252412
0.8082196259460033
0.8028413793851961
0.8104864808178743
0.8093330038803801
0.8087044168610308
0.8156447383778458
0.8071530870116888
0.8077101747143096
0.8101300043193861
0.8056967990670855
0.813490352998502
0.8000304030839835
0.8024798599157326
0.8059647541513639
0.8088338850129989
0.8060268908297733
0.8139740872992668
0.802556385040729
0.8055980307234073
0.802833678627923
0.8115550963362812
0.8004995101415044
0.8567781937133401
0.8599765362140873
0.8652684262956906
0.8623111611268254
0.8571806940329405
0.864633853890528
0.865593399405222
0.8651837535408022
0.8590884002895115
0.8630487092428526
0.8557663187256678
0.8639475929344722
0.8650482658456747
0.8614521619935812
0.8714807238483729
0.8750917518274349
0.8744508206648745
0.8558564061111735
0.8664092220749591
0.8672126671117597
0.8637651740640224
0.8672556041161187
0.8659836420133928
0.8660747278434706
0.853853620255681
0.8572698369368987
0.8621103962000809
0.8363560155360873
0.8286431155526427
0.8410486751587373
0.8438302912948266
0.8392538517891391
0.8466356646083614
0.8523625250323319
0.8478208513544849
0.8401302768601285
0.8383319951844578
0.8510520188824239
0.8359679770706253
0.8444413796379783
0.8396655108318573
0.8520719987428897
0.8388768045728876
0.8484478911851688
0.8470671570683581
0.8570573263703115
0.834325086921741
0.8495294439668648
0.8468157147303914
0.8494527444245025
0.8394849174702763
0.8448419479279319
0.8372729767066313
0.8362795554647007
0.5681674884696016
0.5588335667655772
0.5636361353685381
0.5644557768939061
0.5678106572307078
0.5650504140463646
0.5676238581699998
0.5712427125656523
0.5629867979298893
0.5699512766094114
0.5735029674684506
0.5705567643580332
0.568715232508287
0.5697254464430955
0.5630435291667997
0.5659451586901995
0.565675277593846
0.5643690765287348
0.5699368275196321
0.5706485888661444
0.5639899565007417
0.5639957524601122
0.5658523920982191
0.5623359635759779
0.5704065628972099
0.5634471110407518
0.5690934252082905
0.8224483235320534
0.8358817371651661
0.8324911844489933
0.8287993247633447
0.8277009652402095
0.8286321369621001
0.831519966079328
0.8310844780214613
0.8238951520479931
0.8238621204754392
0.8247126415813396
0.8309632369668661
0.8180662720676833
0.820116588827064
0.8310942256047023
0.8306376004777924
0.8208068932667137
0.8340353398875465
0.8405988000472808
0.8328292893907383
0.8315596898283022
0.8190874297251184
0.8344767780833989
0.8245380428767884
0.8253653278235772
0.820869377417419
0.8259950402958
0.7796353783015685
0.7817522843196519
0.7932031433593731
0.7840538748940046
0.7839548568125367
0.8083735777201281
0.7882472552908566
0.8011527432652692
0.7990681971019153
0.7796914823925047
0.7800071987934365
0.7907742068620562
0.79909320111104
0.8002804712630492
0.7880078275675454
0.7863838585145518
0.7976287667204852
0.7976093350632387
0.796624695172338
0.7846420693501792
0.7903648146803004
0.7907344688340521
0.7920133123063525
0.7965709001359202
0.7890377889454174
0.8063337869280864
0.7933257401734319
0.7558166584320118
0.8305418366264502
0.7974872324398479
0.763268512721956
0.7801268718351657
0.7902932433967572
0.8057480721427815
0.7919214254334579
0.8049468949096654
0.7985807703905546
0.773015441410195
0.8072789036363647
0.7780514652334658
0.8318771072495337
0.8028501536803103
0.8329704480722292
0.8053915105592879
0.7698172907216516
0.818137856312356
0.7572257068770926
0.7537074309255111
0.7901263310956795
0.8086010756443063
0.7990498188578283
0.7893215790228797
0.7985520155525552
0.7783071862784224
0.769500053811771
0.8151870423433129
0.7688434077891293
0.7679047845508948
0.7419420922301283
0.8201608988000929
0.8062205626412035
0.7899068056516522
0.782041203706307
0.8106219380543783
0.7911071198712555
0.7609585573215077
0.8048873563601434
0.7759938203945339
0.803601154469714
0.8343190420653467
0.7985927034934778
0.846325058549054
0.8194076453105837
0.7636730863736957
0.7925503463307634
0.8044013028169121
0.7633153418093642
0.7834045755617327
0.8039302331519154
0.7555549094351749
0.8166173163621318
0.7973196658055628
0.7784348518483953
0.7704117767060951
0.7860967330328184
0.8118606773728867
0.7676810855055377
0.7740171526079062
0.7824467193701761
0.8031596534682423
0.7843647614567424
0.8204397728795836
0.7652876053652052
0.7822024293015165
0.7648256080169376
0.8396348600002709
0.8051988654298533
0.8341541251397143
0.7724476078500819
0.7518288421909998
0.801217798426323
0.7853888782845247
0.8110653914614393
0.8289412608157853
0.8276421450703106
0.7931108816795023
0.7853467543393191
0.8305018894536537
0.8004628428628289
0.7849988526036664
0.7812801479711026
0.8135628362370985
0.7881578072422911
0.7782203061202568
0.8069489068323675
0.7926751789969528
0.8072931204562697
0.7819014678045554
0.7992482916050673
0.7691161427081161
0.7844469514286869
0.76906664033481
0.7938382993031285
0.7858486147755998
0.7671298823025234
0.830784606507896
0.7878558676923045
0.7516476840849297
0.8269777428354385
0.7846491103746036
0.7472010111215761
0.7824967869138625
0.8071263796657352
0.7880052547447219
0.8167700586736885
0.8328459962670199
0.8271311352068992
0.809274547714154
0.7755032625424063
0.8018643298629402
0.7517390180146648
0.770162721623277
0.8072265791652812
0.7746247222057135
0.7802261845262892
0.8118176297922045
0.7927817115262866
0.7917502806189389
0.826872952349163
0.7679925728728435
0.797042049584063
0.8065789417772624
0.8153217740938263
0.8048461661081189
0.8542006108398658
0.7645321612698341
0.8111724066399377
0.7769352923818329
0.7374451738272303
0.8021690662494966
0.8230683780097623
0.7754974259938762
0.7890485137963416
0.8139889845341287
0.8394182582877341
0.8062322897423232
0.8443001068355144
0.7829749404238878
0.7910423354572347
0.8068935237894332
0.7769486766973103
0.7824329161054184
0.7746240131160831
0.8099835252509134
0.790163652995689
0.7907643750806279
0.8045795243542988
0.8223699666450104
0.7775962437042564
0.7613653217606638
0.8312623903280956
0.8476765165412241
0.7707600203079279
0.7936448475983532
0.8055746556996926
0.7437901917300224
0.7938568568531854
0.8061621943562988
0.7564033380086228
0.8082660993550773
0.7670468079501894
0.8110031404332483
0.8135628310669705
0.8193636106494998
0.7923653221239209
0.806101834112523
0.7782140127057369
0.8072315953812939
0.7917753635038943
0.8663860717881289
0.7842481417632657
0.7975521401568548
0.7617655836913723
0.7961999222612313
0.7796883845814994
0.7866310595969359
0.8242260041635677
0.7704548988815462
0.858457269353843
0.845474657023344
0.7964068362011787
0.7672507988672888
0.8252793988973824
0.7909253760169754
0.7891290973653831
0.7797176167527631
0.8099272452214513
0.7931657230330211
0.8303763224360993
0.8187785042764247
0.7975473939306916
0.7963774269687068
0.8140748549199173
0.7945349745896895
0.8001191009613372
0.7403640808049062
0.8092431633085916
0.7793456962667883
0.7885017885247522
0.8180882436340897
0.8286196205912445
0.8013012014284143
0.7787657149779538
0.7878852537490346
0.8643437783565933
0.8484873509297701
0.6942510938231108
0.7966316227944467
0.7967539166451237
0.7656937186864285
0.8003227943929762
0.7839279338225421
0.7888298125146117
0.782115318949586
0.8003372780218256
0.8283638246868741
0.7819230954809033
0.8289071640662948
0.7476667922818999
0.8189830215625463
0.7897031044374985
0.7983472882752797
0.7881432255383645
0.8201370099617007
0.7936991975957232
0.833942576173074
0.757357281071226
0.7545404240732204
0.7837001869863889
0.761470617870574
0.8507167628307847
0.7227516363757399
0.808573938944353
0.7984232060809587
0.8086445712384268
0.7755589364790344
0.8066187785607267
0.8255469624351075
0.8006540828626326
0.8475339318195501
0.8173078477607342
0.8145944873617629
0.7861758390386937
0.8031182154857592
0.8372296094642875
0.7965335680143313
0.7997289366497952
0.8061863539228252
0.8073963714095335
